clip_bio1_10m.asc
ncols        193
nrows        158
xllcorner    -81.833333333333
yllcorner    -13.500000000000
cellsize     0.166666666667
NODATA_value -9999
[rows 84 to 125 of 158, columns 0 to 93 of 193]
-9999 -9999 -9999 -9999 245 246 245 234 242 244 251 256 256 254 251 226 155 78 87 139 93 114 173 218 225 236 240 244 246 246 249 251 251 252 253 253 254 254 254 255 256 258 258 259 260 261 261 262 263 263 263 263 263 264 263 264 264 264 264 262 262 262 262 261 261 261 260 259 258 258 258 258 258 257 257 255 255 255 255 256 256 256 257 257 257 258 258 258 258 259 259 260 260 261
-9999 -9999 -9999 -9999 -9999 -9999 239 232 235 246 251 255 255 254 249 215 129 51 54 115 132 169 194 212 219 232 240 243 247 248 249 251 251 252 253 254 254 255 255 256 257 258 259 259 259 260 261 262 262 263 263 262 263 263 264 264 263 263 264 263 263 263 262 262 262 261 261 260 260 259 259 258 256 256 258 255 255 255 255 255 256 256 256 257 257 257 257 258 258 258 258 259 259 259
-9999 -9999 -9999 -9999 -9999 246 236 230 241 246 251 252 253 254 250 211 142 86 97 121 89 156 207 216 231 234 238 242 245 248 250 251 252 253 253 254 255 255 256 257 257 258 259 260 259 261 261 261 262 263 263 263 263 263 263 264 263 262 263 263 263 262 262 261 261 260 259 259 259 259 259 257 255 256 257 257 255 255 255 255 255 256 257 257 257 257 257 257 257 258 258 258 259 259
-9999 -9999 -9999 -9999 -9999 -9999 241 226 237 248 252 253 253 254 252 222 143 83 93 109 76 155 205 217 229 238 241 243 246 247 250 252 253 253 253 254 254 253 254 255 258 258 259 260 259 260 261 262 261 262 263 263 263 263 263 264 264 263 262 263 263 262 262 260 259 259 259 259 258 257 257 256 256 255 255 257 257 256 256 256 256 257 256 256 257 257 257 257 257 257 258 259 258 258
-9999 -9999 -9999 -9999 -9999 -9999 244 237 234 249 253 254 254 253 252 229 157 111 87 90 81 157 202 218 228 237 241 245 246 248 251 253 254 254 255 254 255 255 256 256 257 258 258 260 260 260 261 262 262 262 262 263 263 262 262 262 263 263 262 262 262 262 261 260 260 259 259 258 257 256 256 256 256 254 255 255 255 255 255 255 256 255 255 256 256 256 256 257 257 257 257 257 257 257
-9999 -9999 -9999 -9999 -9999 -9999 244 244 241 242 248 255 255 253 251 242 182 132 90 71 90 164 202 213 225 237 243 246 248 249 251 253 255 255 255 255 256 256 256 256 258 259 259 259 260 261 261 262 262 262 262 263 263 262 262 262 262 263 263 262 261 261 260 259 260 260 259 258 258 257 257 257 257 256 255 255 255 255 255 255 254 255 254 255 255 255 255 256 256 256 256 256 257 258
-9999 -9999 -9999 -9999 240 241 241 242 244 247 252 256 256 253 251 246 206 139 84 65 118 177 211 204 223 238 247 249 251 251 251 252 253 255 256 256 256 256 257 257 257 258 259 260 261 261 262 262 262 262 262 262 263 262 263 262 261 262 262 262 262 262 261 260 260 260 260 258 258 257 257 256 256 256 256 255 254 255 255 255 255 254 254 255 255 255 255 256 256 256 256 257 257 257
-9999 -9999 -9999 -9999 -9999 239 240 242 242 248 252 255 255 253 251 230 162 89 66 89 112 193 212 211 232 246 251 252 253 252 252 253 253 255 256 256 257 256 257 257 257 257 258 259 260 261 262 262 263 263 262 262 262 263 263 263 262 262 262 261 260 260 261 261 260 259 260 259 259 257 257 256 255 254 254 254 255 254 254 254 254 254 254 254 255 254 256 257 256 256 257 256 256 256
-9999 -9999 -9999 -9999 -9999 -9999 -9999 243 243 247 252 253 255 254 235 169 95 97 104 140 171 213 207 223 246 252 254 254 254 254 254 254 254 254 255 255 257 257 256 256 258 257 258 260 260 261 262 262 262 263 262 262 262 262 262 262 261 261 261 260 259 259 259 259 258 258 258 259 259 259 257 257 257 256 255 254 254 254 254 254 254 254 254 254 254 255 257 257 257 257 256 256 256 256
-9999 -9999 -9999 -9999 -9999 -9999 -9999 -9999 246 247 250 251 254 232 145 64 73 128 130 128 192 227 203 231 252 254 256 256 255 255 255 255 256 255 255 255 256 257 258 257 257 257 257 258 260 261 262 262 262 263 263 262 261 261 262 262 262 261 260 259 259 259 259 260 259 259 259 259 259 259 258 258 258 256 256 255 254 254 254 254 254 255 255 255 255 256 256 257 257 257 256 255 255 256
-9999 -9999 -9999 -9999 -9999 -9999 -9999 -9999 247 248 250 253 253 233 136 66 113 137 130 124 202 220 219 245 252 257 257 257 257 257 257 256 257 255 256 256 256 256 257 257 258 257 257 258 259 260 261 262 263 263 263 263 262 261 261 261 261 260 260 259 259 260 260 259 259 259 259 258 258 258 258 258 257 257 257 256 255 256 256 256 256 255 254 255 256 257 257 256 257 256 256 256 256 257
-9999 -9999 -9999 -9999 -9999 -9999 -9999 -9999 248 249 250 252 245 174 95 86 119 124 113 160 217 222 235 249 253 258 258 258 258 258 258 258 258 257 257 257 257 256 256 258 258 258 258 258 259 260 261 262 262 263 263 263 263 262 262 261 261 260 260 260 259 259 259 258 258 258 258 258 258 257 258 257 256 255 255 256 256 256 256 256 256 256 256 256 257 256 256 257 257 256 257 257 257 258
-9999 -9999 -9999 -9999 -9999 -9999 -9999 -9999 248 252 252 252 240 190 160 176 115 114 148 192 206 206 202 248 254 259 259 259 259 260 259 259 259 259 258 257 257 257 256 258 258 258 258 259 259 260 260 262 262 262 263 263 263 263 261 260 261 261 260 260 260 259 258 258 258 258 258 258 258 258 257 256 256 256 256 257 256 256 256 256 256 256 256 257 256 256 257 257 257 256 257 257 258 259
-9999 -9999 -9999 -9999 -9999 -9999 -9999 -9999 252 253 253 251 235 183 176 174 130 122 171 217 199 204 212 249 253 260 260 261 261 260 261 260 260 260 259 258 258 257 257 258 258 259 259 260 260 260 260 261 262 263 263 263 263 263 262 261 260 261 261 261 260 259 258 258 259 258 258 258 257 257 256 256 257 256 257 257 257 256 255 255 255 256 256 256 256 256 257 257 257 257 258 258 259 260
-9999 -9999 -9999 -9999 -9999 -9999 -9999 251 253 254 253 247 213 168 113 138 117 183 185 219 205 219 236 250 258 257 262 262 262 262 262 262 261 260 260 259 259 258 258 257 258 259 260 260 261 261 261 262 263 262 263 263 264 263 261 261 261 261 260 260 261 260 259 258 258 259 258 258 257 256 257 257 256 257 258 257 255 256 254 254 255 255 255 256 256 257 258 258 258 258 258 259 260 261
-9999 -9999 -9999 -9999 -9999 -9999 248 247 252 248 246 237 229 228 146 124 136 193 215 211 202 226 235 246 260 251 263 264 263 263 263 262 262 261 261 260 260 259 258 258 258 259 260 261 261 261 262 262 263 263 264 264 263 262 260 260 260 260 260 259 260 260 260 260 258 259 259 259 259 258 257 256 256 257 258 257 255 256 254 255 255 255 256 256 256 258 258 258 258 258 259 259 261 262
-9999 -9999 -9999 -9999 -9999 240 241 244 236 235 234 220 207 208 180 156 161 194 214 200 201 228 224 241 262 254 263 265 265 264 264 263 263 262 261 261 260 260 259 259 259 260 261 262 262 262 262 263 263 264 264 265 263 262 261 260 260 259 259 259 260 259 260 260 259 260 259 259 259 259 257 257 258 258 258 257 255 256 254 254 255 256 256 256 258 259 258 258 258 259 259 260 262 262
-9999 -9999 -9999 -9999 233 235 231 224 236 237 222 195 220 210 206 167 145 197 194 211 217 211 226 249 263 252 264 266 266 265 265 264 264 263 262 262 261 261 261 260 261 261 262 263 263 263 262 262 262 263 264 265 263 262 261 260 260 259 259 259 259 259 259 258 258 258 258 258 258 259 259 258 258 259 259 257 256 255 254 254 255 256 256 257 258 258 259 259 259 259 260 261 262 262
-9999 -9999 -9999 220 221 226 212 224 237 242 238 218 201 203 173 188 129 170 205 219 228 228 223 255 264 251 266 267 267 266 266 265 265 264 263 263 262 262 262 262 262 263 263 264 264 264 264 263 264 264 264 265 262 262 261 260 259 259 260 259 259 258 258 258 258 259 259 258 258 259 259 259 259 259 258 257 256 254 255 255 256 256 256 258 258 258 259 259 260 260 260 262 262 262
-9999 -9999 -9999 222 222 220 217 234 243 247 240 238 207 202 198 145 155 183 211 225 235 243 245 258 265 257 267 267 267 267 266 265 265 265 264 264 263 263 263 263 264 264 265 265 265 266 266 264 264 264 265 264 262 261 261 260 260 260 260 259 260 259 259 259 259 258 258 257 258 258 257 258 258 257 257 256 256 254 255 255 256 256 257 258 257 258 258 260 260 260 260 262 262 262
-9999 -9999 -9999 221 218 213 228 237 243 242 235 221 186 192 164 146 196 185 188 221 230 242 250 259 259 259 267 267 267 267 266 266 265 265 265 264 264 265 265 265 265 265 266 266 266 267 267 267 266 266 265 263 262 261 261 261 260 259 259 260 259 259 259 258 258 257 258 258 257 258 256 256 257 256 256 256 255 255 256 255 256 257 258 258 258 258 259 260 260 261 262 263 262 262
-9999 -9999 -9999 224 223 226 235 240 242 243 225 182 192 179 117 161 210 170 202 222 227 245 251 257 242 262 265 266 266 266 266 265 266 265 265 266 266 265 266 266 266 266 267 267 267 268 268 268 267 266 265 263 261 261 260 260 260 260 260 259 258 259 258 258 258 258 258 257 257 258 257 255 256 256 255 256 255 255 256 256 257 257 258 257 258 259 259 259 261 261 262 262 262 262
-9999 -9999 -9999 226 228 231 236 240 244 246 222 155 161 189 136 186 221 189 209 226 233 242 250 254 238 251 263 265 265 266 265 265 266 266 266 266 266 266 266 267 267 267 267 268 268 269 269 269 269 268 266 263 261 260 260 260 260 259 259 258 259 259 258 257 258 258 257 257 258 257 257 256 256 256 255 255 255 255 257 257 256 257 257 258 258 259 259 260 261 262 263 262 262 262
-9999 -9999 -9999 227 227 231 236 241 240 246 243 214 168 135 125 158 218 213 197 211 239 241 239 240 222 237 252 263 264 264 264 264 265 266 266 266 266 267 267 267 267 268 268 268 269 270 270 271 270 268 267 265 262 261 261 260 259 258 258 259 259 258 257 258 257 257 257 258 257 257 256 256 255 255 255 256 256 257 256 256 256 258 257 258 258 259 260 261 262 262 261 262 262 263
-9999 -9999 -9999 226 224 230 237 241 238 242 246 243 234 162 150 155 191 214 219 197 241 240 231 226 222 231 233 242 257 261 261 261 263 265 266 267 267 267 267 268 268 268 268 269 270 270 271 271 269 269 267 266 263 262 260 259 258 258 259 259 258 257 257 258 258 258 258 257 257 258 256 255 255 255 256 257 256 257 256 256 257 257 257 258 258 259 260 261 261 261 261 262 262 262
-9999 -9999 -9999 -9999 229 232 237 239 238 238 243 239 236 186 172 159 207 220 246 222 225 196 215 196 203 212 216 234 233 240 259 260 261 263 266 267 267 266 267 268 268 269 269 269 270 271 271 271 269 267 267 265 263 262 260 258 258 259 259 258 257 257 258 257 258 257 256 256 258 257 255 255 255 256 256 256 257 256 256 256 257 257 257 258 258 260 261 261 260 260 261 261 262 262
-9999 -9999 -9999 -9999 -9999 232 234 237 237 237 239 237 229 195 169 133 180 201 242 249 209 153 164 186 196 209 209 213 220 223 240 260 261 263 266 267 265 264 266 268 269 269 270 270 270 270 270 270 268 267 266 264 263 262 260 260 259 259 259 258 257 257 257 258 257 257 257 258 258 256 255 255 255 256 256 257 257 255 256 256 257 256 257 257 259 260 260 260 260 260 261 262 262 262
-9999 -9999 -9999 -9999 223 230 232 235 237 237 239 241 233 176 180 149 185 178 238 240 240 208 147 169 160 197 227 227 228 219 226 257 261 264 266 266 266 266 266 268 269 269 270 270 270 270 270 269 268 267 264 263 263 261 260 260 260 258 259 258 256 257 258 257 257 257 257 257 257 255 255 254 255 256 257 257 255 255 255 256 257 256 257 258 260 259 259 259 260 261 261 261 262 262
-9999 -9999 -9999 -9999 216 224 229 232 234 236 238 238 237 210 163 184 177 203 227 204 179 205 178 161 136 147 202 230 229 221 209 239 259 263 266 266 265 266 267 269 269 269 269 270 270 269 269 268 267 266 264 263 262 261 259 260 259 259 259 257 257 258 257 256 257 257 256 257 256 255 255 256 257 257 257 255 255 255 256 256 256 256 257 259 259 258 259 259 260 260 260 261 261 261
-9999 -9999 -9999 -9999 216 221 226 229 231 233 235 235 233 218 141 140 197 198 191 217 198 154 147 157 135 106 138 214 229 222 214 226 254 261 263 265 265 266 267 269 269 269 269 270 269 269 268 267 266 265 263 263 261 260 259 259 259 259 258 257 257 257 256 256 257 256 257 257 255 255 255 256 257 257 256 255 255 256 255 256 256 256 257 259 259 258 259 259 260 260 260 261 261 261
-9999 -9999 -9999 -9999 -9999 223 224 226 228 230 232 233 234 220 152 113 170 176 152 180 198 180 138 154 143 140 148 187 210 204 225 231 240 257 261 263 266 266 267 269 269 269 269 269 269 269 267 265 265 264 262 262 260 259 259 259 258 258 258 256 257 257 255 257 256 257 257 257 256 255 256 256 256 256 255 255 255 255 255 256 256 257 258 259 258 258 258 259 259 259 260 260 261 261
-9999 -9999 -9999 -9999 -9999 219 223 224 225 227 228 230 231 225 205 145 147 162 139 139 157 188 142 139 131 177 178 160 185 201 222 241 241 242 250 261 266 266 267 269 269 269 269 268 268 267 266 264 264 263 262 261 260 258 258 258 257 257 257 256 257 256 256 257 256 257 257 256 255 256 255 256 256 256 256 256 256 256 256 256 257 257 258 258 257 258 258 259 259 260 260 261 261 261
-9999 -9999 -9999 -9999 -9999 -9999 -9999 -9999 224 224 225 226 227 224 225 210 171 169 143 112 127 123 175 128 127 162 183 189 183 217 242 236 252 250 255 255 261 265 266 268 269 269 268 267 266 266 265 264 263 262 261 260 259 258 259 257 256 256 256 256 256 256 256 256 256 256 256 255 255 256 256 257 258 257 257 257 257 257 257 257 257 257 257 257 257 257 258 258 259 259 260 261 261 262
-9999 -9999 -9999 -9999 -9999 -9999 -9999 -9999 -9999 -9999 222 222 223 224 221 211 150 132 107 101 96 139 176 133 128 170 186 211 207 229 246 253 254 254 239 250 250 257 266 268 269 269 267 266 266 264 261 262 262 261 260 259 257 257 257 256 255 255 256 256 255 255 256 256 257 257 257 258 258 258 258 258 258 257 256 256 256 256 257 257 257 256 256 256 257 257 258 258 259 260 260 261 261 261
-9999 -9999 -9999 -9999 -9999 -9999 211 -9999 -9999 -9999 -9999 220 220 224 223 210 141 98 100 82 76 111 158 144 93 146 175 209 220 234 254 261 263 261 243 245 249 247 264 268 268 267 266 265 265 264 261 258 260 259 259 258 256 256 255 254 254 255 256 255 255 255 257 258 258 258 258 258 258 257 257 257 257 255 255 254 255 255 255 255 256 256 256 257 257 257 258 258 258 259 259 260 260 261
-9999 -9999 -9999 -9999 -9999 -9999 -9999 -9999 -9999 -9999 -9999 -9999 222 224 220 212 171 149 122 98 107 91 113 164 96 101 145 212 241 245 258 265 264 259 246 260 259 259 266 268 266 264 263 260 263 262 262 256 256 258 258 257 256 256 255 255 254 254 255 256 257 258 258 257 256 256 257 256 256 256 256 256 257 255 254 255 255 255 254 254 255 255 255 255 256 257 257 257 258 258 259 259 260 260
-9999 -9999 -9999 -9999 -9999 -9999 -9999 -9999 -9999 -9999 -9999 -9999 220 222 223 208 192 168 162 134 120 121 101 156 127 96 151 206 236 245 261 262 262 249 246 250 265 266 267 269 268 262 262 258 258 262 261 258 253 257 257 256 256 255 255 255 255 255 256 256 256 257 256 257 256 257 257 255 255 257 256 257 256 255 255 255 255 255 255 255 254 254 255 256 256 256 256 257 258 259 259 259 260 260
-9999 -9999 -9999 -9999 -9999 -9999 -9999 -9999 -9999 -9999 -9999 -9999 -9999 218 218 193 162 159 125 124 98 122 144 156 168 99 145 176 213 234 252 257 257 232 251 243 262 266 267 268 268 266 264 262 260 260 260 258 256 258 257 256 255 255 253 253 255 255 255 255 256 256 256 256 257 256 256 256 257 256 257 256 256 255 255 254 254 254 253 254 255 255 255 255 256 256 256 257 258 258 259 259 260 260
-9999 -9999 -9999 -9999 -9999 -9999 -9999 -9999 -9999 -9999 -9999 -9999 -9999 213 211 207 190 197 184 167 118 120 136 117 158 114 123 170 197 215 248 247 253 241 243 251 254 264 267 268 268 267 264 263 262 262 260 258 256 257 257 256 254 255 253 254 254 254 254 256 255 256 256 257 257 256 256 257 258 257 257 255 255 254 254 254 254 253 254 253 253 253 254 254 255 256 257 257 258 258 259 260 261 261
-9999 -9999 -9999 -9999 -9999 -9999 -9999 -9999 -9999 -9999 -9999 -9999 -9999 200 203 205 203 188 124 136 137 98 124 109 126 125 98 138 178 204 244 235 235 241 241 252 252 263 265 267 267 267 265 263 263 262 260 259 255 256 256 255 254 254 253 254 254 254 255 256 255 256 257 257 256 257 258 258 256 257 257 255 254 254 254 253 253 253 252 252 252 252 253 254 255 255 256 257 258 259 260 260 260 261
-9999 -9999 -9999 -9999 -9999 -9999 -9999 -9999 -9999 -9999 -9999 -9999 -9999 -9999 199 198 193 173 151 108 91 80 84 100 94 155 90 124 146 207 237 227 226 236 236 228 256 263 263 264 265 266 266 265 263 262 261 258 257 256 256 256 256 255 255 255 254 254 255 255 255 256 257 256 256 258 258 257 256 256 256 255 254 254 253 253 252 252 250 251 252 252 252 253 254 255 256 257 259 259 258 259 259 260
-9999 -9999 -9999 -9999 -9999 -9999 -9999 -9999 -9999 -9999 -9999 -9999 -9999 -9999 -9999 195 192 188 167 95 93 78 107 72 83 135 84 103 147 190 226 240 225 230 220 225 258 262 259 262 263 264 265 265 264 263 260 258 258 255 257 256 255 255 256 255 254 254 256 255 255 256 256 257 258 257 259 258 257 257 255 255 254 253 252 253 251 252 250 251 252 253 252 253 254 255 256 257 258 258 258 259 260 260
