clip_bio12_10m.asc
ncols        193
nrows        158
xllcorner    -81.833333333333
yllcorner    -13.500000000000
cellsize     0.166666666667
NODATA_value -9999
[rows 0 to 37 of 158, columns 0 to 83 of 193]
-9999 -9999 -9999 -9999 -9999 -9999 -9999 -9999 -9999 -9999 -9999 -9999 -9999 -9999 -9999 -9999 -9999 -9999 -9999 -9999 -9999 -9999 -9999 -9999 -9999 -9999 -9999 -9999 -9999 -9999 -9999 -9999 -9999 -9999 -9999 -9999 -9999 -9999 -9999 -9999 -9999 -9999 -9999 -9999 -9999 -9999 -9999 -9999 -9999 -9999 -9999 -9999 -9999 -9999 -9999 -9999 -9999 -9999 -9999 -9999 -9999 -9999 -9999 -9999 -9999 -9999 -9999 -9999 -9999 -9999 -9999 -9999 -9999 -9999 -9999 -9999 -9999 -9999 -9999 -9999 -9999 -9999 -9999 -9999
-9999 -9999 -9999 -9999 -9999 -9999 -9999 -9999 -9999 -9999 -9999 -9999 -9999 -9999 -9999 -9999 -9999 -9999 -9999 -9999 -9999 -9999 -9999 -9999 -9999 -9999 -9999 -9999 -9999 -9999 -9999 -9999 -9999 -9999 -9999 -9999 -9999 -9999 -9999 -9999 -9999 -9999 -9999 -9999 -9999 -9999 -9999 -9999 -9999 -9999 -9999 -9999 -9999 -9999 -9999 -9999 -9999 -9999 -9999 -9999 -9999 -9999 -9999 -9999 -9999 -9999 -9999 -9999 -9999 -9999 389 439 -9999 -9999 -9999 -9999 -9999 -9999 -9999 -9999 -9999 -9999 -9999 -9999
-9999 -9999 -9999 -9999 -9999 -9999 -9999 -9999 -9999 -9999 -9999 -9999 -9999 -9999 -9999 -9999 -9999 -9999 -9999 -9999 -9999 -9999 -9999 -9999 -9999 -9999 -9999 -9999 -9999 -9999 -9999 -9999 -9999 -9999 -9999 -9999 -9999 -9999 -9999 -9999 -9999 -9999 -9999 -9999 -9999 -9999 -9999 -9999 -9999 -9999 -9999 -9999 -9999 -9999 -9999 -9999 -9999 -9999 -9999 268 277 290 323 354 -9999 -9999 -9999 -9999 -9999 -9999 410 437 -9999 -9999 -9999 -9999 591 -9999 -9999 -9999 -9999 -9999 -9999 -9999
-9999 -9999 -9999 -9999 -9999 -9999 -9999 -9999 -9999 -9999 -9999 -9999 -9999 -9999 -9999 -9999 -9999 -9999 -9999 -9999 -9999 -9999 -9999 -9999 -9999 -9999 -9999 -9999 -9999 -9999 -9999 -9999 -9999 -9999 -9999 -9999 -9999 -9999 -9999 -9999 -9999 -9999 -9999 -9999 -9999 -9999 -9999 -9999 -9999 -9999 -9999 -9999 -9999 -9999 -9999 -9999 -9999 332 309 267 287 332 359 378 381 -9999 -9999 -9999 -9999 -9999 434 452 -9999 -9999 -9999 -9999 594 540 -9999 -9999 447 446 -9999 -9999
-9999 -9999 -9999 -9999 -9999 -9999 -9999 -9999 -9999 -9999 -9999 -9999 -9999 -9999 -9999 -9999 -9999 -9999 -9999 -9999 -9999 -9999 -9999 -9999 -9999 -9999 -9999 -9999 -9999 -9999 -9999 -9999 -9999 -9999 -9999 -9999 -9999 -9999 -9999 -9999 -9999 -9999 -9999 -9999 -9999 -9999 -9999 -9999 -9999 -9999 -9999 -9999 -9999 -9999 -9999 -9999 -9999 413 359 295 308 380 406 390 381 -9999 -9999 -9999 -9999 391 450 491 494 -9999 -9999 -9999 558 540 537 -9999 -9999 480 -9999 -9999
-9999 -9999 -9999 -9999 -9999 -9999 -9999 -9999 -9999 -9999 -9999 -9999 -9999 -9999 -9999 -9999 -9999 -9999 -9999 -9999 -9999 -9999 -9999 -9999 -9999 -9999 -9999 -9999 -9999 -9999 -9999 -9999 -9999 -9999 -9999 -9999 -9999 -9999 -9999 -9999 -9999 -9999 -9999 -9999 -9999 -9999 -9999 -9999 -9999 -9999 -9999 -9999 -9999 -9999 -9999 -9999 348 402 445 395 365 360 367 373 -9999 -9999 -9999 -9999 -9999 373 449 533 477 -9999 -9999 -9999 -9999 -9999 -9999 564 -9999 -9999 -9999 -9999
-9999 -9999 -9999 -9999 -9999 -9999 -9999 -9999 -9999 -9999 -9999 -9999 -9999 -9999 -9999 -9999 -9999 -9999 -9999 -9999 -9999 -9999 -9999 -9999 -9999 -9999 -9999 -9999 -9999 -9999 -9999 -9999 -9999 -9999 -9999 -9999 -9999 -9999 -9999 -9999 -9999 -9999 -9999 -9999 -9999 -9999 -9999 -9999 -9999 -9999 -9999 -9999 -9999 -9999 471 436 402 425 488 401 384 355 360 -9999 -9999 -9999 -9999 -9999 -9999 345 391 455 447 -9999 -9999 -9999 -9999 -9999 -9999 -9999 -9999 -9999 -9999 -9999
-9999 -9999 -9999 -9999 -9999 -9999 -9999 -9999 -9999 -9999 -9999 -9999 -9999 -9999 -9999 -9999 -9999 -9999 -9999 -9999 -9999 -9999 -9999 -9999 -9999 -9999 -9999 -9999 -9999 -9999 -9999 -9999 -9999 -9999 -9999 -9999 -9999 -9999 -9999 -9999 -9999 -9999 -9999 -9999 -9999 -9999 -9999 -9999 -9999 -9999 -9999 -9999 680 597 554 513 485 495 495 408 350 -9999 -9999 -9999 -9999 -9999 -9999 -9999 -9999 331 373 402 417 509 715 865 -9999 -9999 -9999 -9999 -9999 -9999 -9999 -9999
-9999 -9999 -9999 -9999 -9999 -9999 -9999 -9999 -9999 -9999 -9999 -9999 -9999 -9999 -9999 -9999 -9999 -9999 -9999 -9999 -9999 -9999 -9999 -9999 -9999 -9999 -9999 -9999 -9999 -9999 -9999 -9999 -9999 -9999 -9999 -9999 -9999 -9999 -9999 -9999 -9999 -9999 -9999 -9999 -9999 -9999 800 957 -9999 -9999 -9999 1068 855 801 802 734 654 626 617 603 -9999 -9999 -9999 -9999 -9999 -9999 -9999 -9999 -9999 428 434 442 442 582 826 878 881 947 1034 1063 -9999 -9999 -9999 -9999
-9999 -9999 -9999 -9999 -9999 -9999 -9999 -9999 -9999 -9999 -9999 -9999 -9999 -9999 -9999 -9999 -9999 -9999 -9999 -9999 -9999 -9999 -9999 -9999 -9999 -9999 -9999 -9999 -9999 -9999 -9999 -9999 -9999 -9999 -9999 -9999 -9999 -9999 -9999 -9999 -9999 -9999 -9999 -9999 -9999 605 1507 1844 1872 1987 1719 1347 1137 1150 1228 995 890 836 776 705 -9999 -9999 -9999 -9999 -9999 487 449 426 474 496 535 622 765 924 1003 959 950 1077 1186 1178 1135 -9999 -9999 -9999
-9999 -9999 -9999 -9999 -9999 -9999 -9999 -9999 -9999 -9999 -9999 -9999 -9999 -9999 -9999 -9999 -9999 -9999 -9999 -9999 -9999 -9999 -9999 -9999 -9999 -9999 -9999 -9999 -9999 -9999 -9999 -9999 -9999 -9999 -9999 -9999 -9999 -9999 -9999 -9999 -9999 704 652 628 -9999 984 2458 2495 2341 2297 2075 1823 1317 1280 1301 1194 1159 1061 901 744 614 529 -9999 547 578 583 564 542 604 612 600 621 781 906 955 967 1073 1235 1373 1315 1185 1142 -9999 -9999
-9999 -9999 -9999 -9999 -9999 -9999 -9999 -9999 -9999 -9999 -9999 -9999 -9999 -9999 -9999 -9999 -9999 -9999 -9999 -9999 -9999 -9999 -9999 -9999 -9999 -9999 -9999 -9999 -9999 -9999 -9999 -9999 -9999 -9999 -9999 -9999 -9999 -9999 -9999 891 923 922 779 708 672 812 2194 2426 2386 2311 2313 2191 1301 1127 1223 1353 1283 1239 943 760 614 514 493 558 703 794 791 779 788 728 623 580 640 754 882 1045 1185 1315 1422 1393 1230 1139 -9999 -9999
-9999 -9999 -9999 -9999 -9999 -9999 -9999 -9999 -9999 -9999 -9999 -9999 -9999 -9999 -9999 -9999 -9999 -9999 -9999 -9999 -9999 -9999 -9999 -9999 -9999 -9999 -9999 -9999 -9999 -9999 -9999 -9999 -9999 -9999 -9999 -9999 -9999 -9999 996 962 1157 1102 967 931 974 1093 1858 2602 2261 2210 2387 1550 1048 1010 1383 1413 1351 1218 957 768 570 464 532 693 949 1083 1038 990 927 773 653 607 616 635 776 1013 1173 1305 1424 1407 1234 1117 -9999 -9999
-9999 -9999 -9999 -9999 -9999 -9999 -9999 -9999 -9999 -9999 -9999 -9999 -9999 -9999 -9999 -9999 -9999 -9999 -9999 -9999 -9999 -9999 -9999 -9999 -9999 -9999 -9999 -9999 -9999 -9999 -9999 -9999 -9999 -9999 -9999 -9999 -9999 993 1122 1169 1114 1137 1075 1168 1254 1301 1662 2252 2485 2464 2174 1365 1082 1461 1755 1482 1418 1210 988 776 550 426 565 863 1178 1269 1175 1103 1034 855 709 557 505 560 709 966 1084 1231 1352 1371 1267 1156 -9999 -9999
-9999 -9999 -9999 -9999 -9999 -9999 -9999 -9999 -9999 -9999 -9999 -9999 -9999 -9999 -9999 -9999 -9999 -9999 -9999 -9999 -9999 -9999 -9999 -9999 -9999 -9999 -9999 -9999 -9999 -9999 -9999 -9999 -9999 -9999 -9999 -9999 -9999 862 1084 1192 1008 1042 1151 1299 1405 1435 1493 1677 2021 2247 1489 1170 1378 2107 1985 1644 1401 1140 973 785 613 491 670 952 1314 1354 1157 1145 1057 885 727 612 535 518 587 753 913 1115 1255 1379 1277 1206 1142 1086
-9999 -9999 -9999 -9999 -9999 -9999 -9999 -9999 -9999 -9999 -9999 -9999 -9999 -9999 -9999 -9999 -9999 -9999 -9999 -9999 -9999 -9999 -9999 -9999 -9999 -9999 -9999 -9999 -9999 -9999 -9999 -9999 -9999 -9999 -9999 -9999 988 969 1140 1253 1185 1107 1169 1286 1411 1467 1413 1263 1422 1428 1308 1379 1869 2069 2046 1711 1342 1119 977 845 739 -9999 734 910 1195 1334 1166 1093 943 700 631 645 584 486 612 638 1006 1146 1289 1196 1101 1122 1164 1081
-9999 -9999 -9999 -9999 -9999 -9999 -9999 -9999 -9999 -9999 -9999 -9999 -9999 -9999 -9999 -9999 -9999 -9999 -9999 -9999 -9999 -9999 -9999 -9999 -9999 -9999 -9999 -9999 -9999 -9999 -9999 -9999 -9999 -9999 -9999 -9999 1020 1172 1315 1482 1354 1155 1134 1260 1382 1449 1427 1301 1183 1194 1284 1502 2113 2062 2059 1625 1314 1160 1043 933 -9999 -9999 -9999 963 1151 1324 1218 1103 959 827 833 713 609 471 504 672 926 1126 1231 1342 1125 1213 1276 1207
-9999 -9999 -9999 -9999 -9999 -9999 -9999 -9999 -9999 -9999 -9999 -9999 -9999 -9999 -9999 -9999 -9999 -9999 -9999 -9999 -9999 -9999 -9999 -9999 -9999 -9999 -9999 -9999 -9999 -9999 -9999 -9999 -9999 -9999 -9999 -9999 -9999 1302 1503 1647 1336 1071 1079 1219 1346 1431 1494 1404 1231 1182 1318 1598 2149 2222 2143 1735 1445 1264 1154 -9999 -9999 -9999 -9999 1110 1291 1378 1162 1047 1061 969 846 780 586 655 1066 1112 1116 1240 1424 1570 1485 1422 1453 1425
-9999 -9999 -9999 -9999 -9999 -9999 -9999 -9999 -9999 -9999 -9999 -9999 -9999 -9999 -9999 -9999 -9999 -9999 -9999 -9999 -9999 -9999 -9999 -9999 -9999 -9999 -9999 -9999 -9999 -9999 -9999 -9999 -9999 -9999 -9999 1175 1188 1268 1429 1408 1194 988 1014 1204 1322 1447 1551 1562 1391 1301 1413 1681 2323 2434 2219 1907 1621 1405 1305 -9999 -9999 -9999 -9999 -9999 1404 1334 1205 1192 1156 926 955 938 795 1033 1118 1248 1354 1388 1476 1549 1551 1486 1416 1380
-9999 -9999 -9999 -9999 -9999 -9999 -9999 -9999 -9999 -9999 -9999 -9999 3584 3228 2904 2673 2541 2464 -9999 -9999 -9999 -9999 -9999 -9999 -9999 -9999 -9999 -9999 -9999 -9999 -9999 -9999 -9999 -9999 -9999 -9999 -9999 1203 1323 1331 1154 998 1037 1245 1332 1452 1547 1570 1553 1502 1630 1976 2514 2533 2300 2043 1746 1518 1371 1330 -9999 -9999 -9999 -9999 1274 1223 1127 1123 1130 893 953 1210 1332 1313 1324 1392 1413 1338 1318 1364 1401 1403 1334 1294
-9999 -9999 -9999 -9999 -9999 -9999 -9999 -9999 -9999 -9999 -9999 3302 3304 3158 3061 2918 2504 2478 2522 2363 2198 2042 -9999 -9999 -9999 -9999 -9999 -9999 -9999 -9999 -9999 -9999 -9999 1359 1363 1320 1222 1146 1191 1218 1139 1061 1146 1436 1462 1552 1657 1713 1689 1678 1867 2142 2652 2763 2493 2161 1820 1566 1421 1381 1407 -9999 -9999 -9999 1213 1166 1056 1102 953 895 1275 1772 1807 1671 1500 1462 1425 1402 1356 1328 1346 1337 1278 1250
-9999 -9999 -9999 -9999 -9999 -9999 -9999 -9999 -9999 3790 3339 2990 2856 2576 3039 2841 2464 2401 2423 2278 2154 2073 2003 1901 -9999 -9999 -9999 -9999 -9999 -9999 -9999 -9999 -9999 1396 1375 1337 1257 1198 1190 1160 1152 1212 1493 1902 1615 1712 1867 1944 1932 1904 1951 2339 2835 3089 2807 2273 1836 1543 1387 1406 1492 -9999 -9999 1247 1222 1157 881 840 875 1090 1726 2035 1790 1589 1537 1536 1580 1602 1486 1402 1361 1329 1292 1262
3633 3517 -9999 -9999 -9999 -9999 3665 3835 3830 3616 3008 2433 2373 2128 2115 1956 1953 2314 2492 2071 1823 1984 1955 1795 1601 -9999 -9999 -9999 -9999 -9999 -9999 -9999 -9999 1382 1355 1353 1348 1294 1331 1322 1337 1520 1988 2246 2015 1980 2020 2012 2031 1932 1938 2338 3045 3589 3138 2355 1808 1500 1322 1356 1432 1326 1272 1256 1213 992 856 790 868 1555 2008 1805 1596 1509 1533 1588 1704 1712 1566 1457 1395 1364 1322 1280
3680 3553 -9999 -9999 3099 3128 3321 3490 3473 3316 2867 2217 2072 1951 1763 -9999 2004 2355 2555 2359 2047 1895 1809 1756 1648 1659 -9999 -9999 -9999 -9999 -9999 -9999 1567 1343 1289 1305 1336 1395 1427 1494 1629 1843 2312 2561 2476 2460 2260 2038 2026 1893 1801 2252 2939 4001 3426 2484 1862 1516 1383 1393 1477 1383 1291 1237 1168 942 829 966 1623 2021 1742 1565 1430 1442 1495 1557 1624 1629 1560 1473 1403 1396 1352 1296
3290 3146 3012 2969 2915 2961 2948 2875 2940 3036 2870 2244 1820 1682 -9999 -9999 2175 2426 2518 2398 2172 1920 1757 1689 1777 1832 2086 -9999 -9999 -9999 -9999 1717 1580 1374 1267 1250 1402 1523 1519 1609 1862 2143 2459 2727 2848 2696 2182 1810 1752 1802 1577 1812 2433 3528 3120 2507 2047 1708 1577 1588 1694 1459 1190 1129 1035 889 871 1704 2347 1964 1488 1334 1340 1392 1444 1481 1529 1551 1524 1477 1430 1403 1370 1326
2794 2638 2648 2670 2624 2698 2838 2533 2210 2528 2643 1880 1699 1643 -9999 -9999 2256 -9999 -9999 2245 2049 1881 1763 1722 1779 1949 2048 2119 -9999 1972 1898 1763 1584 1431 1308 1311 1449 1571 1622 1805 2242 2537 2663 2778 3094 2780 2020 1615 1507 1560 1395 1765 2445 2809 2921 2621 2273 1990 1863 1831 1757 1193 1120 1128 1174 962 1510 1999 1866 1593 1382 1307 1303 1371 1417 1440 1472 1498 1494 1474 1452 1431 1407 1382
3061 2976 2910 2724 2744 3011 2736 1826 1523 1511 1499 1420 -9999 -9999 -9999 -9999 2189 2373 2308 -9999 1913 1757 1754 1804 1826 1969 2088 2142 2165 -9999 2004 1881 1700 1521 1368 1394 1487 1623 1800 2051 2613 3003 3340 3811 3850 2873 2023 1615 1473 1427 1211 1293 1844 2346 2838 2788 2556 2299 2114 1638 1156 876 905 1089 1091 1323 1754 1711 1603 1462 1346 1348 1389 1446 1436 1430 1448 1470 1476 1472 1466 1463 1456 1446
3376 3279 3195 3148 2880 2611 2127 1553 1336 1278 -9999 -9999 -9999 -9999 -9999 -9999 2080 2241 -9999 -9999 -9999 1672 1852 1902 1903 1981 2198 2205 2247 2277 2185 2064 1895 1709 1538 1543 1560 1746 2012 2209 2644 3243 3967 4585 3894 2523 2115 1861 1827 1670 1360 1226 1449 1927 2392 2577 2552 2449 1776 971 942 1009 1039 1063 1158 1504 1627 1648 1603 1499 1407 1440 1510 1538 1441 1422 1442 1460 1467 1474 1479 1493 1510 1517
3526 3379 3143 3041 2781 2418 1880 1429 1199 -9999 -9999 -9999 -9999 -9999 -9999 -9999 -9999 -9999 -9999 -9999 1782 1788 2202 2260 2166 2127 2345 2337 2373 2398 2414 2312 2156 2007 1958 1865 1760 1923 2146 2327 2820 3509 4240 4536 3787 2376 2261 2067 2117 2053 1916 1372 1282 1562 1998 1852 1828 1562 958 1036 980 1012 1079 1219 1427 1570 1622 1658 1652 1608 1568 1564 1572 1539 1465 1447 1461 1470 1476 1478 1490 1522 1571 1608
3398 3314 3042 2903 2870 2612 1939 1409 1128 1047 -9999 -9999 -9999 -9999 -9999 -9999 -9999 -9999 -9999 -9999 2343 2395 2669 2830 2671 2550 2546 2566 2524 2567 2577 2560 2437 2324 2335 2226 2147 2242 2385 2560 2987 3692 4244 3972 3430 2542 2425 2167 2178 2203 2220 1414 1183 1287 1873 1172 986 924 1028 1123 1392 1439 1507 1598 1610 1622 1656 1700 1731 1743 1722 1681 1633 1573 1516 1495 1503 1502 1493 1490 1496 1534 1629 1731
3380 3235 3109 3073 3190 2839 2239 1722 1376 1202 1220 -9999 -9999 -9999 -9999 -9999 -9999 -9999 -9999 -9999 -9999 2905 3015 3130 2887 2864 2790 2679 2672 2780 2897 2975 2721 2747 2611 2552 2570 2673 2752 2912 3338 3899 4278 3703 3025 2741 2577 2371 2341 2354 2283 1834 1190 1258 2027 1476 1149 1285 1589 1890 2033 2015 1895 1780 1707 1679 1693 1737 1808 1881 1875 1783 1693 1624 1581 1573 1572 1556 1533 1511 1505 1534 1654 1796
3303 -9999 3211 3281 3409 3012 2442 2155 1908 1624 1357 1330 -9999 -9999 -9999 -9999 -9999 -9999 -9999 -9999 -9999 3603 3540 3192 3308 3075 2977 2799 2801 3078 3490 3549 2723 2976 2983 2782 2893 3139 3367 3586 3798 4111 4335 3582 3081 2821 2718 2548 2534 2577 2405 2131 1324 1190 1438 1321 1232 1833 2450 2614 2413 2196 2038 1886 1780 1718 1710 1750 1833 1938 1946 1827 1734 1670 1633 1643 1661 1634 1594 1554 1528 1564 1656 1733
3281 3310 -9999 3371 -9999 3241 2661 2241 2016 1717 1465 -9999 -9999 -9999 -9999 -9999 -9999 -9999 -9999 -9999 -9999 -9999 3856 3586 3555 3392 3199 2995 2974 3373 3924 4395 2911 2651 2679 2699 3034 3432 3954 4205 4120 4270 4293 3629 3186 2865 2792 2738 2713 2695 2441 2011 1424 1133 1073 1075 1115 1618 2939 2834 2527 2300 2125 1970 1832 1728 1690 1725 1790 1858 1863 1807 1743 1702 1675 1695 1741 1732 1681 1613 1569 1602 1675 1738
3222 3299 -9999 -9999 -9999 3049 2580 2259 1901 -9999 -9999 -9999 -9999 -9999 -9999 -9999 -9999 -9999 -9999 -9999 -9999 -9999 -9999 3774 3789 3635 3518 3348 3380 3683 4137 4544 3753 2535 2480 2760 2950 3440 3978 4261 4083 4051 3950 3521 3207 3019 2990 2894 2843 2747 2360 1731 1435 1136 1122 1162 1737 2322 3536 3036 2602 2380 2204 2045 1872 1710 1640 1677 1741 1784 1796 1779 1750 1747 1766 1821 1880 1870 1808 1719 1646 1667 1728 1777
-9999 -9999 -9999 -9999 -9999 -9999 -9999 -9999 -9999 -9999 -9999 -9999 -9999 -9999 -9999 -9999 -9999 -9999 -9999 -9999 -9999 -9999 -9999 3942 3918 3879 3789 3717 3751 3927 4165 4016 3416 2536 2556 2719 2483 3116 3550 3631 3509 3531 3254 3189 3153 3197 3160 2937 2773 2568 2058 1356 1246 1204 1256 1332 1902 3575 4149 3309 2734 2434 2267 2124 1932 1747 1624 1657 1725 1778 1802 1797 1788 1832 1930 2066 2103 2060 1970 1867 1795 1786 1814 1848
-9999 -9999 -9999 -9999 -9999 -9999 -9999 -9999 -9999 -9999 -9999 -9999 -9999 -9999 -9999 -9999 -9999 -9999 -9999 -9999 -9999 -9999 -9999 -9999 4130 4116 4116 4102 4084 4134 4260 3762 3055 2438 2188 2235 2260 3043 3048 3154 3310 3211 2909 2844 3092 3211 3238 2988 2652 2420 1774 1394 1152 1368 1403 1419 1825 3057 4251 3641 2896 2573 2374 2198 2008 1836 1729 1721 1766 1811 1847 1863 1893 1968 2124 2340 2322 2275 2167 2035 1953 1923 1926 1937
-9999 -9999 -9999 -9999 -9999 -9999 -9999 -9999 -9999 -9999 -9999 -9999 -9999 -9999 -9999 -9999 -9999 -9999 -9999 -9999 -9999 -9999 -9999 -9999 -9999 4365 4425 4503 4516 4434 4504 3761 3137 2433 2136 1918 2454 2538 2674 3130 3031 3047 2800 2709 2892 3003 3033 2861 2617 2376 1928 1431 1260 1314 1466 1565 1646 1753 2502 3666 3096 2707 2461 2262 2083 1937 1846 1819 1835 1868 1904 1941 1996 2086 2220 2360 2375 2346 2264 2148 2083 2050 2036 2032
-9999 -9999 -9999 -9999 -9999 -9999 -9999 -9999 -9999 -9999 -9999 -9999 -9999 -9999 -9999 -9999 -9999 -9999 -9999 -9999 -9999 -9999 -9999 -9999 -9999 4501 4747 4956 5191 5225 5065 4397 3689 2646 2475 1877 1756 2077 2177 2817 2898 2846 2719 2595 2635 2768 2830 2724 2617 2466 2140 1646 1933 1814 1565 1398 1865 1858 1805 2861 3167 2732 2498 2309 2145 2018 1943 1911 1912 1935 1972 2017 2075 2153 2246 2317 2327 2287 2241 2194 2165 2153 2122 2103
