clip_bio1_10m.asc
ncols        193
nrows        158
xllcorner    -81.833333333333
yllcorner    -13.500000000000
cellsize     0.166666666667
NODATA_value -9999
[rows 42 to 83 of 158, columns 94 to 187 of 193]
202 223 264 241 220 193 222 248 259 259 258 258 257 247 217 226 234 251 254 246 227 206 226 236 212 212 196 194 196 205 227 232 229 239 238 229 218 243 258 261 262 260 258 260 261 264 263 263 265 267 268 270 271 272 272 273 273 272 272 272 270 269 268 267 266 267 266 265 265 265 265 265 265 266 266 -9999 -9999 -9999 -9999 -9999 -9999 -9999 -9999 -9999 -9999 -9999 -9999 -9999 -9999 -9999 -9999 -9999 -9999 -9999
269 270 246 233 227 180 234 252 258 259 258 257 243 252 255 253 247 253 255 250 241 231 232 224 214 215 206 198 202 212 217 229 234 234 240 229 221 228 253 261 262 262 261 261 262 264 264 264 265 267 268 269 270 271 272 272 272 272 272 271 270 269 268 267 266 264 265 265 265 265 265 265 264 264 264 264 262 263 -9999 -9999 -9999 -9999 -9999 -9999 -9999 -9999 -9999 -9999 -9999 -9999 -9999 -9999 -9999 -9999
274 274 260 258 205 190 220 251 257 257 257 255 248 252 253 255 256 256 256 253 252 248 217 202 168 212 213 204 202 210 200 211 239 236 239 227 221 222 239 248 257 263 264 264 265 264 264 265 266 266 268 269 270 271 272 272 272 272 272 271 270 269 268 267 265 264 264 265 265 265 264 263 264 263 262 261 261 261 261 260 259 -9999 -9999 -9999 -9999 -9999 -9999 -9999 -9999 -9999 -9999 -9999 -9999 -9999
274 273 268 264 248 214 217 250 253 257 255 254 254 254 252 248 255 256 256 254 253 247 244 170 161 213 213 210 214 211 208 197 197 218 225 208 211 220 234 240 244 253 260 265 264 263 264 265 267 267 267 268 269 271 271 270 271 270 271 270 269 268 267 266 265 265 266 266 266 265 264 264 262 260 261 259 258 259 258 258 260 260 -9999 -9999 -9999 -9999 -9999 -9999 -9999 -9999 -9999 -9999 -9999 -9999
275 274 272 268 262 227 233 251 252 249 246 254 251 249 252 254 251 249 254 252 253 251 246 234 210 224 222 213 215 213 215 203 192 201 216 196 207 217 229 239 237 242 261 256 264 263 264 267 266 266 267 269 269 271 270 269 270 270 270 269 269 268 267 266 266 266 267 267 265 265 265 263 261 259 260 258 256 256 256 257 259 261 263 -9999 -9999 -9999 -9999 -9999 -9999 -9999 -9999 -9999 -9999 -9999
274 273 271 267 261 250 233 236 248 221 207 250 247 239 236 252 254 253 252 252 248 249 243 237 226 226 226 223 222 220 215 205 205 209 222 206 210 220 228 235 229 250 265 263 263 265 266 267 267 268 269 269 270 269 269 270 269 268 269 269 269 268 267 265 263 260 267 265 264 262 264 261 256 261 260 257 255 254 257 255 258 260 264 264 -9999 -9999 -9999 -9999 -9999 -9999 -9999 -9999 -9999 -9999
274 273 269 264 260 260 246 241 247 189 198 231 251 225 232 249 244 252 252 252 245 244 249 242 233 225 222 223 218 209 219 215 218 223 225 228 233 227 227 227 229 255 264 267 267 266 264 265 267 269 268 268 268 267 268 267 261 264 269 270 269 267 266 266 265 265 267 267 265 258 264 257 258 254 258 256 252 254 255 256 257 258 261 263 262 263 -9999 -9999 -9999 -9999 -9999 -9999 -9999 -9999
274 273 255 233 236 244 253 242 234 215 191 189 228 248 237 236 236 239 253 251 251 240 239 240 228 230 227 224 217 212 216 219 217 219 231 236 241 241 243 238 252 266 267 268 268 268 263 266 267 268 267 267 268 267 264 261 260 268 269 269 267 266 265 265 266 267 268 267 266 263 265 263 261 258 258 256 252 253 253 254 255 257 256 257 259 261 261 -9999 -9999 -9999 -9999 -9999 -9999 -9999
272 270 236 209 210 213 226 228 233 219 214 218 238 248 243 211 233 236 251 250 249 241 235 247 241 237 234 232 225 233 234 243 241 247 246 247 241 246 249 245 252 266 267 268 259 267 268 267 268 269 268 267 266 266 262 261 263 268 267 267 267 266 264 265 266 266 266 265 261 259 262 261 259 257 256 255 252 251 250 253 255 256 256 256 258 260 260 261 261 -9999 -9999 -9999 -9999 -9999
271 264 251 229 224 210 207 198 201 223 228 228 237 239 245 222 230 231 235 249 249 246 243 245 246 245 241 239 247 254 258 260 257 261 259 252 250 249 257 244 244 248 259 268 263 268 268 268 267 268 268 267 267 262 261 258 263 268 268 262 261 265 264 265 266 265 264 262 255 258 262 261 259 256 254 254 252 247 249 251 252 253 252 255 257 258 258 260 261 261 -9999 -9999 -9999 -9999
270 257 254 244 227 216 201 202 196 218 227 230 229 240 245 232 223 235 241 247 241 238 243 242 244 240 250 259 263 264 266 268 268 269 269 262 263 255 253 260 254 255 270 268 269 270 268 268 268 267 267 267 267 263 260 259 264 268 269 261 265 266 265 267 266 264 263 263 263 262 262 256 253 254 251 253 252 247 250 250 252 251 255 254 255 256 259 260 260 261 -9999 -9999 -9999 -9999
256 255 247 248 219 224 218 214 202 210 224 232 230 232 242 236 236 233 245 235 244 253 256 248 254 257 259 265 268 268 268 269 269 270 270 268 263 264 270 269 266 270 272 270 270 269 270 269 268 268 267 266 264 262 253 263 263 263 266 262 262 265 265 266 265 261 261 262 261 260 258 252 251 250 250 251 252 248 247 251 251 253 252 252 254 256 258 260 260 261 261 -9999 -9999 -9999
250 260 249 222 205 241 228 222 217 224 208 223 236 241 241 249 251 250 221 205 221 254 259 256 259 262 254 263 269 269 270 270 270 271 272 271 272 273 273 274 273 273 272 271 271 269 270 269 269 269 268 265 262 262 261 259 257 248 257 261 263 263 267 265 263 261 260 260 259 259 256 254 249 250 250 249 244 247 246 250 251 252 251 252 254 256 257 260 261 261 261 -9999 -9999 -9999
264 267 220 212 213 254 256 222 226 219 213 236 238 244 242 239 249 254 250 229 230 250 260 260 258 263 266 268 269 269 270 270 271 272 272 273 274 275 275 275 274 273 271 271 270 269 269 270 269 268 268 267 265 264 262 259 261 257 258 253 263 265 264 263 261 260 260 260 257 257 254 252 250 246 247 240 244 243 247 250 252 252 251 253 254 255 256 258 260 261 262 -9999 -9999 -9999
264 266 210 193 261 265 263 236 223 212 224 243 235 240 245 241 242 251 255 252 250 253 248 257 261 263 265 268 269 270 270 271 271 273 273 274 274 275 276 272 268 267 265 271 270 270 269 270 268 267 266 266 265 265 263 262 263 262 259 262 260 261 263 261 261 260 260 259 257 255 253 250 249 249 249 248 249 248 249 251 253 252 253 253 255 255 256 258 260 262 262 -9999 -9999 -9999
264 268 261 244 265 265 264 241 224 228 249 226 211 239 244 244 243 247 254 255 255 256 256 257 259 262 264 267 269 269 269 270 271 272 274 272 272 275 262 240 255 253 250 265 271 270 267 266 265 264 264 265 265 264 264 263 262 261 255 256 255 259 262 262 261 260 259 256 255 254 253 252 251 250 249 250 250 248 246 249 251 251 254 256 254 255 255 257 259 261 262 -9999 -9999 -9999
267 268 268 267 267 265 266 251 244 257 229 212 208 220 235 241 241 241 245 254 254 255 256 257 257 260 262 267 269 269 270 271 272 273 273 273 274 275 273 257 264 263 261 269 269 268 265 265 263 262 263 263 263 265 264 263 260 261 261 260 260 261 262 262 260 257 253 250 255 255 253 253 252 251 251 251 250 250 243 251 253 253 254 254 254 254 255 258 259 261 262 263 -9999 -9999
267 268 267 266 267 268 267 265 262 258 218 204 201 218 232 235 245 248 252 255 256 256 256 257 257 259 264 268 269 270 271 272 272 273 273 272 273 274 273 273 271 270 268 270 268 268 262 263 264 261 262 263 264 265 264 263 260 260 261 257 258 260 259 260 257 254 251 253 256 256 254 254 252 252 251 252 250 250 250 253 254 253 255 254 253 254 258 258 260 260 262 263 -9999 -9999
268 267 267 267 266 268 267 266 265 258 240 218 206 219 225 226 238 252 257 257 258 259 259 261 261 263 265 268 270 270 271 272 272 272 272 272 272 271 271 272 272 270 268 269 268 268 264 263 263 262 263 264 265 265 265 265 263 262 259 257 247 258 258 257 256 254 247 256 256 255 255 254 253 253 251 251 250 251 252 253 254 255 256 255 253 254 257 259 259 260 262 264 264 -9999
267 266 266 264 263 267 266 266 258 238 238 232 211 217 225 228 228 238 255 254 258 252 255 260 263 265 268 268 267 269 269 272 270 271 272 272 271 272 271 271 272 269 267 268 267 267 263 264 263 264 265 265 265 265 265 266 265 261 261 258 247 253 251 257 256 252 246 246 249 255 255 254 254 253 252 252 250 251 253 253 254 256 255 255 253 254 257 258 258 260 262 264 264 -9999
267 267 267 266 255 262 267 265 258 243 250 249 228 216 224 227 225 237 250 255 256 259 259 261 265 267 266 266 255 266 267 272 272 271 263 264 271 272 271 270 270 267 265 267 265 265 263 264 264 266 265 265 266 265 264 266 265 263 258 257 252 251 248 252 251 250 249 242 245 253 256 255 255 252 249 251 251 249 252 253 255 255 256 255 253 251 255 256 259 261 262 264 265 -9999
267 267 267 264 256 264 265 262 261 262 261 258 252 241 240 237 222 237 254 257 258 261 262 264 265 262 267 269 268 270 271 272 271 271 266 262 269 269 270 269 267 264 263 264 264 264 264 264 265 265 265 265 265 265 264 265 265 264 262 260 252 257 245 242 251 250 251 249 247 248 250 253 252 249 248 248 249 248 253 255 256 256 256 254 254 254 253 255 259 260 262 264 265 265
267 267 267 264 247 264 266 255 246 255 250 250 247 247 243 241 230 249 257 258 260 263 265 265 265 266 267 269 270 271 272 271 266 270 267 264 268 267 268 266 264 264 264 264 264 264 264 264 265 265 265 265 265 263 263 264 265 263 263 263 262 259 253 245 248 252 252 250 250 251 251 250 249 249 249 248 249 248 252 254 254 254 254 254 255 255 255 254 259 260 262 264 265 266
267 267 268 261 241 265 264 244 239 239 240 241 242 243 253 263 263 266 261 264 264 265 266 267 266 265 266 270 272 272 272 271 270 270 268 269 267 265 264 263 263 264 264 264 264 264 263 264 265 265 265 265 261 262 264 264 264 261 257 260 261 260 258 254 252 252 253 251 251 252 253 252 251 250 251 249 250 250 248 254 255 254 255 255 256 256 255 256 257 260 262 264 266 266
267 265 267 245 239 263 251 241 243 242 242 241 241 261 266 266 267 266 267 267 265 263 266 266 259 242 236 271 272 273 272 272 271 271 271 268 264 263 264 263 264 264 259 263 264 265 260 263 264 265 264 264 262 264 265 265 265 261 257 258 260 259 259 257 255 254 253 252 253 253 254 254 253 252 252 252 250 248 247 253 255 256 256 256 257 257 256 257 258 261 263 265 266 266
267 247 254 242 241 246 244 244 242 242 240 237 249 266 267 267 267 268 267 264 263 266 267 260 248 236 261 272 273 273 273 272 272 269 269 269 267 266 266 260 257 257 260 263 264 263 254 250 259 263 264 265 264 264 265 266 265 262 259 259 260 260 259 258 256 255 254 253 252 254 254 254 254 253 253 253 252 251 250 250 254 257 257 257 258 258 258 259 259 259 263 266 266 267
268 256 242 245 244 244 240 242 237 238 246 249 248 264 264 267 268 268 268 268 268 266 269 261 257 262 269 273 273 273 273 273 273 272 271 262 264 266 267 269 262 251 253 258 264 261 257 258 256 258 262 264 266 265 265 266 264 263 260 259 261 259 257 258 256 253 254 253 253 252 250 249 253 254 255 254 252 252 251 248 255 257 258 257 259 259 259 259 259 261 264 266 267 267
268 250 243 244 244 243 241 239 233 251 266 265 254 247 242 266 265 267 269 268 269 269 269 262 270 272 272 273 272 273 273 273 273 272 271 271 270 270 269 267 266 266 254 252 258 253 254 249 248 251 257 263 266 266 265 265 264 261 260 260 260 259 257 258 257 254 254 254 253 251 253 252 252 252 254 255 254 253 252 252 257 258 259 258 259 259 259 260 260 261 264 267 267 268
266 235 242 243 242 242 243 248 265 268 268 267 267 267 257 232 227 260 267 268 269 269 269 270 271 272 272 273 272 273 273 273 273 271 272 271 271 270 267 266 265 267 264 255 260 264 261 261 250 247 256 258 261 264 266 265 266 261 260 260 259 259 258 257 256 254 253 253 253 250 253 257 256 246 248 253 253 254 254 252 258 258 259 260 260 259 260 261 261 263 266 267 268 268
231 199 251 253 241 243 262 265 267 268 268 268 268 268 268 266 224 225 264 269 270 270 270 270 271 272 272 272 272 273 273 273 272 272 271 269 270 270 269 268 267 266 264 256 251 263 262 262 255 252 256 260 262 261 266 266 265 263 259 260 259 259 258 257 256 254 253 252 253 253 251 253 256 255 246 250 255 252 255 251 252 259 260 259 261 258 259 262 262 265 267 268 268 268
214 234 262 239 241 263 267 267 267 268 268 269 269 269 269 269 268 259 268 269 270 270 270 271 271 271 272 272 272 273 273 272 272 272 271 270 270 270 270 268 269 269 267 260 256 263 265 263 261 256 259 263 264 265 265 266 266 265 259 259 259 259 258 257 255 255 251 252 251 252 252 250 246 254 252 248 250 257 257 253 245 253 257 259 261 262 261 263 264 266 267 267 268 269
267 259 255 240 224 257 267 267 267 268 268 268 269 269 269 269 270 270 270 270 270 271 271 271 270 271 272 272 272 273 273 272 272 272 272 271 271 270 269 268 269 269 269 268 267 266 267 267 267 263 262 263 264 266 263 266 266 265 264 263 261 259 257 257 256 254 248 253 254 254 255 254 252 248 256 256 252 255 257 252 248 246 256 260 262 262 264 264 265 267 268 269 269 269
256 261 249 233 233 248 267 265 267 268 268 268 268 269 269 269 270 270 270 270 270 271 271 271 271 272 271 272 272 273 273 273 273 272 271 270 268 269 269 268 270 266 267 267 268 268 268 269 268 268 267 267 264 265 266 266 266 267 265 265 265 260 259 258 257 250 248 246 250 254 255 254 254 252 254 257 259 260 260 254 253 254 254 259 261 262 265 266 266 268 268 269 269 270
268 267 266 266 267 266 267 267 267 267 269 268 268 269 269 269 269 269 270 270 270 270 271 271 271 271 271 272 272 272 273 273 272 272 271 269 267 269 269 267 269 267 265 266 268 268 268 269 269 269 268 268 267 266 266 266 265 267 266 265 264 259 259 256 255 255 250 246 247 250 253 257 254 253 251 259 261 260 262 261 259 258 257 259 262 264 266 268 269 269 270 270 270 270
267 267 267 267 267 267 267 267 267 267 268 268 268 268 268 269 269 269 269 270 270 270 270 270 270 271 271 271 272 272 272 272 272 271 270 269 270 268 270 269 270 269 265 264 263 266 267 268 266 264 267 269 268 269 267 267 266 267 264 262 265 259 258 256 255 253 249 247 249 252 252 257 259 257 256 259 262 262 264 262 261 262 259 258 263 265 267 269 270 270 270 270 270 270
267 266 267 267 267 267 267 267 267 267 268 268 268 268 268 269 269 269 269 269 269 270 270 270 270 270 271 271 272 272 272 272 272 271 270 270 270 269 269 271 270 271 270 265 262 265 264 268 269 267 265 267 269 270 268 269 268 267 265 260 264 261 259 257 257 252 250 249 251 252 251 259 262 262 261 263 262 263 264 264 263 263 263 260 264 266 268 269 270 270 270 270 270 270
267 267 267 267 267 267 267 266 267 267 268 268 268 268 269 269 268 268 268 268 269 269 269 269 270 270 271 271 271 272 272 271 272 271 270 271 270 269 268 269 270 271 271 264 263 266 266 267 268 262 266 262 266 270 269 270 269 267 267 262 264 259 259 258 256 251 251 249 253 254 253 259 263 265 263 263 264 265 263 263 265 265 262 259 263 265 269 270 270 270 270 270 270 270
265 265 266 265 266 267 267 267 267 268 268 268 268 268 268 269 269 269 268 269 269 269 269 269 270 270 271 271 271 272 272 272 272 271 271 270 270 268 267 268 267 271 270 263 265 269 266 268 270 267 263 268 269 269 270 272 270 268 268 266 264 259 257 259 256 251 251 248 253 254 253 256 260 262 265 264 262 262 262 260 262 261 257 262 267 267 270 270 270 270 270 270 270 270
264 265 265 265 265 266 267 267 267 267 267 267 267 268 268 268 268 268 269 269 269 269 269 269 269 270 270 271 271 271 271 272 272 271 271 269 266 265 269 268 267 270 269 266 270 271 270 267 271 271 271 272 270 269 270 273 272 270 268 267 263 262 258 259 258 254 251 248 250 255 252 252 254 259 263 265 263 260 246 250 259 266 264 266 269 268 270 270 270 270 270 269 270 269
263 263 264 265 265 265 266 266 266 266 266 266 267 267 268 268 267 268 268 268 269 269 269 269 269 270 270 270 271 271 271 271 271 272 272 271 267 266 269 268 268 270 272 270 268 272 271 269 269 271 272 272 273 271 271 273 270 271 270 269 266 262 259 259 259 257 252 251 253 255 257 257 253 262 264 264 259 255 257 263 264 268 266 267 268 270 270 270 270 270 269 269 270 269
262 263 264 264 264 264 265 265 265 265 266 266 266 267 267 267 267 267 267 268 269 269 269 269 269 270 270 271 271 271 271 271 271 272 271 271 267 268 267 269 270 269 270 271 268 269 272 271 270 265 267 271 269 272 273 271 268 270 269 269 269 265 259 257 259 258 258 256 254 254 260 257 251 249 250 251 256 261 264 267 269 268 268 266 269 270 271 270 269 269 269 269 269 269
262 262 263 263 263 264 264 265 265 266 266 266 267 266 267 267 267 267 267 267 268 269 270 270 270 270 270 270 270 271 271 270 270 271 272 271 270 269 271 271 270 270 269 270 271 270 268 269 271 269 267 267 270 272 273 272 272 271 271 270 270 268 263 258 262 261 260 258 255 258 260 257 255 241 249 257 263 267 270 268 266 268 270 270 270 270 270 270 269 269 269 269 269 269
