clip_bio1_10m.asc
ncols        193
nrows        158
xllcorner    -81.833333333333
yllcorner    -13.500000000000
cellsize     0.166666666667
NODATA_value -9999
[rows 0 to 41 of 158, columns 0 to 93 of 193]
-9999 -9999 -9999 -9999 -9999 -9999 -9999 -9999 -9999 -9999 -9999 -9999 -9999 -9999 -9999 -9999 -9999 -9999 -9999 -9999 -9999 -9999 -9999 -9999 -9999 -9999 -9999 -9999 -9999 -9999 -9999 -9999 -9999 -9999 -9999 -9999 -9999 -9999 -9999 -9999 -9999 -9999 -9999 -9999 -9999 -9999 -9999 -9999 -9999 -9999 -9999 -9999 -9999 -9999 -9999 -9999 -9999 -9999 -9999 -9999 -9999 -9999 -9999 -9999 -9999 -9999 -9999 -9999 -9999 -9999 -9999 -9999 -9999 -9999 -9999 -9999 -9999 -9999 -9999 -9999 -9999 -9999 -9999 -9999 -9999 -9999 -9999 -9999 -9999 -9999 -9999 -9999 -9999 -9999
-9999 -9999 -9999 -9999 -9999 -9999 -9999 -9999 -9999 -9999 -9999 -9999 -9999 -9999 -9999 -9999 -9999 -9999 -9999 -9999 -9999 -9999 -9999 -9999 -9999 -9999 -9999 -9999 -9999 -9999 -9999 -9999 -9999 -9999 -9999 -9999 -9999 -9999 -9999 -9999 -9999 -9999 -9999 -9999 -9999 -9999 -9999 -9999 -9999 -9999 -9999 -9999 -9999 -9999 -9999 -9999 -9999 -9999 -9999 -9999 -9999 -9999 -9999 -9999 -9999 -9999 -9999 -9999 -9999 -9999 275 272 -9999 -9999 -9999 -9999 -9999 -9999 -9999 -9999 -9999 -9999 -9999 -9999 -9999 -9999 -9999 -9999 -9999 -9999 -9999 -9999 -9999 -9999
-9999 -9999 -9999 -9999 -9999 -9999 -9999 -9999 -9999 -9999 -9999 -9999 -9999 -9999 -9999 -9999 -9999 -9999 -9999 -9999 -9999 -9999 -9999 -9999 -9999 -9999 -9999 -9999 -9999 -9999 -9999 -9999 -9999 -9999 -9999 -9999 -9999 -9999 -9999 -9999 -9999 -9999 -9999 -9999 -9999 -9999 -9999 -9999 -9999 -9999 -9999 -9999 -9999 -9999 -9999 -9999 -9999 -9999 -9999 287 286 285 281 277 -9999 -9999 -9999 -9999 -9999 -9999 276 272 -9999 -9999 -9999 -9999 273 -9999 -9999 -9999 -9999 -9999 -9999 -9999 -9999 -9999 -9999 -9999 -9999 -9999 -9999 -9999 -9999 -9999
-9999 -9999 -9999 -9999 -9999 -9999 -9999 -9999 -9999 -9999 -9999 -9999 -9999 -9999 -9999 -9999 -9999 -9999 -9999 -9999 -9999 -9999 -9999 -9999 -9999 -9999 -9999 -9999 -9999 -9999 -9999 -9999 -9999 -9999 -9999 -9999 -9999 -9999 -9999 -9999 -9999 -9999 -9999 -9999 -9999 -9999 -9999 -9999 -9999 -9999 -9999 -9999 -9999 -9999 -9999 -9999 -9999 289 288 288 283 278 277 275 275 -9999 -9999 -9999 -9999 -9999 277 276 -9999 -9999 -9999 -9999 273 274 -9999 -9999 274 274 -9999 -9999 -9999 -9999 -9999 -9999 -9999 -9999 -9999 -9999 -9999 -9999
-9999 -9999 -9999 -9999 -9999 -9999 -9999 -9999 -9999 -9999 -9999 -9999 -9999 -9999 -9999 -9999 -9999 -9999 -9999 -9999 -9999 -9999 -9999 -9999 -9999 -9999 -9999 -9999 -9999 -9999 -9999 -9999 -9999 -9999 -9999 -9999 -9999 -9999 -9999 -9999 -9999 -9999 -9999 -9999 -9999 -9999 -9999 -9999 -9999 -9999 -9999 -9999 -9999 -9999 -9999 -9999 -9999 290 288 286 283 272 271 276 277 -9999 -9999 -9999 -9999 279 276 275 276 -9999 -9999 -9999 275 273 272 -9999 -9999 276 -9999 -9999 -9999 -9999 -9999 -9999 -9999 -9999 -9999 -9999 -9999 -9999
-9999 -9999 -9999 -9999 -9999 -9999 -9999 -9999 -9999 -9999 -9999 -9999 -9999 -9999 -9999 -9999 -9999 -9999 -9999 -9999 -9999 -9999 -9999 -9999 -9999 -9999 -9999 -9999 -9999 -9999 -9999 -9999 -9999 -9999 -9999 -9999 -9999 -9999 -9999 -9999 -9999 -9999 -9999 -9999 -9999 -9999 -9999 -9999 -9999 -9999 -9999 -9999 -9999 -9999 -9999 -9999 290 290 287 282 279 281 282 282 -9999 -9999 -9999 -9999 -9999 280 275 272 277 -9999 -9999 -9999 -9999 -9999 -9999 273 -9999 -9999 -9999 -9999 275 275 -9999 -9999 -9999 276 277 277 -9999 -9999
-9999 -9999 -9999 -9999 -9999 -9999 -9999 -9999 -9999 -9999 -9999 -9999 -9999 -9999 -9999 -9999 -9999 -9999 -9999 -9999 -9999 -9999 -9999 -9999 -9999 -9999 -9999 -9999 -9999 -9999 -9999 -9999 -9999 -9999 -9999 -9999 -9999 -9999 -9999 -9999 -9999 -9999 -9999 -9999 -9999 -9999 -9999 -9999 -9999 -9999 -9999 -9999 -9999 -9999 286 287 288 290 287 283 279 284 284 -9999 -9999 -9999 -9999 -9999 -9999 281 279 276 277 -9999 -9999 -9999 -9999 -9999 -9999 -9999 -9999 -9999 -9999 -9999 -9999 -9999 -9999 -9999 -9999 276 277 277 -9999 280
-9999 -9999 -9999 -9999 -9999 -9999 -9999 -9999 -9999 -9999 -9999 -9999 -9999 -9999 -9999 -9999 -9999 -9999 -9999 -9999 -9999 -9999 -9999 -9999 -9999 -9999 -9999 -9999 -9999 -9999 -9999 -9999 -9999 -9999 -9999 -9999 -9999 -9999 -9999 -9999 -9999 -9999 -9999 -9999 -9999 -9999 -9999 -9999 -9999 -9999 -9999 -9999 284 283 285 285 286 288 288 287 286 -9999 -9999 -9999 -9999 -9999 -9999 -9999 -9999 282 282 280 279 274 270 263 -9999 -9999 -9999 -9999 -9999 -9999 -9999 -9999 -9999 -9999 -9999 -9999 -9999 -9999 -9999 -9999 -9999 -9999
-9999 -9999 -9999 -9999 -9999 -9999 -9999 -9999 -9999 -9999 -9999 -9999 -9999 -9999 -9999 -9999 -9999 -9999 -9999 -9999 -9999 -9999 -9999 -9999 -9999 -9999 -9999 -9999 -9999 -9999 -9999 -9999 -9999 -9999 -9999 -9999 -9999 -9999 -9999 -9999 -9999 -9999 -9999 -9999 -9999 -9999 284 285 -9999 -9999 -9999 283 283 282 283 283 283 284 284 284 -9999 -9999 -9999 -9999 -9999 -9999 -9999 -9999 -9999 281 280 279 278 270 257 258 261 265 264 266 -9999 -9999 -9999 -9999 -9999 -9999 -9999 -9999 -9999 -9999 -9999 -9999 -9999 -9999
-9999 -9999 -9999 -9999 -9999 -9999 -9999 -9999 -9999 -9999 -9999 -9999 -9999 -9999 -9999 -9999 -9999 -9999 -9999 -9999 -9999 -9999 -9999 -9999 -9999 -9999 -9999 -9999 -9999 -9999 -9999 -9999 -9999 -9999 -9999 -9999 -9999 -9999 -9999 -9999 -9999 -9999 -9999 -9999 -9999 280 256 254 273 274 280 279 279 279 281 281 278 279 282 284 -9999 -9999 -9999 -9999 -9999 282 281 281 278 276 273 258 247 227 249 256 263 263 262 264 268 -9999 -9999 -9999 -9999 -9999 -9999 -9999 -9999 -9999 -9999 -9999 -9999 -9999
-9999 -9999 -9999 -9999 -9999 -9999 -9999 -9999 -9999 -9999 -9999 -9999 -9999 -9999 -9999 -9999 -9999 -9999 -9999 -9999 -9999 -9999 -9999 -9999 -9999 -9999 -9999 -9999 -9999 -9999 -9999 -9999 -9999 -9999 -9999 -9999 -9999 -9999 -9999 -9999 -9999 282 281 281 -9999 270 205 201 217 204 209 211 256 250 262 270 255 272 283 283 283 283 -9999 282 282 280 278 276 271 268 264 252 234 244 256 262 261 259 257 263 268 269 -9999 -9999 -9999 -9999 -9999 -9999 -9999 -9999 -9999 -9999 -9999 -9999
-9999 -9999 -9999 -9999 -9999 -9999 -9999 -9999 -9999 -9999 -9999 -9999 -9999 -9999 -9999 -9999 -9999 -9999 -9999 -9999 -9999 -9999 -9999 -9999 -9999 -9999 -9999 -9999 -9999 -9999 -9999 -9999 -9999 -9999 -9999 -9999 -9999 -9999 -9999 278 278 276 280 281 280 279 228 109 87 82 101 171 234 259 266 232 251 277 281 281 281 283 282 281 280 277 273 263 244 245 258 255 249 238 244 239 230 244 258 260 266 266 -9999 -9999 -9999 -9999 -9999 -9999 -9999 -9999 -9999 -9999 -9999 -9999
-9999 -9999 -9999 -9999 -9999 -9999 -9999 -9999 -9999 -9999 -9999 -9999 -9999 -9999 -9999 -9999 -9999 -9999 -9999 -9999 -9999 -9999 -9999 -9999 -9999 -9999 -9999 -9999 -9999 -9999 -9999 -9999 -9999 -9999 -9999 -9999 -9999 -9999 276 277 273 276 281 281 281 279 250 160 55 49 154 229 266 271 227 224 239 273 277 278 281 283 281 279 276 268 254 238 231 240 243 234 223 224 230 232 249 257 254 257 268 271 -9999 -9999 -9999 -9999 -9999 -9999 -9999 -9999 -9999 -9999 -9999 -9999
-9999 -9999 -9999 -9999 -9999 -9999 -9999 -9999 -9999 -9999 -9999 -9999 -9999 -9999 -9999 -9999 -9999 -9999 -9999 -9999 -9999 -9999 -9999 -9999 -9999 -9999 -9999 -9999 -9999 -9999 -9999 -9999 -9999 -9999 -9999 -9999 -9999 276 275 272 278 278 283 283 281 279 262 204 145 128 194 254 275 226 194 226 258 274 275 277 280 283 281 276 272 261 251 237 229 228 229 241 242 232 238 251 246 251 263 267 273 273 -9999 -9999 267 265 249 235 233 212 199 215 225 256
-9999 -9999 -9999 -9999 -9999 -9999 -9999 -9999 -9999 -9999 -9999 -9999 -9999 -9999 -9999 -9999 -9999 -9999 -9999 -9999 -9999 -9999 -9999 -9999 -9999 -9999 -9999 -9999 -9999 -9999 -9999 -9999 -9999 -9999 -9999 -9999 -9999 275 275 273 283 284 284 282 280 278 271 230 205 192 253 280 251 141 171 216 266 276 278 280 282 284 281 275 268 255 217 222 218 223 230 236 236 236 236 234 228 228 225 267 259 251 252 236 237 211 192 178 179 200 213 229 233 264
-9999 -9999 -9999 -9999 -9999 -9999 -9999 -9999 -9999 -9999 -9999 -9999 -9999 -9999 -9999 -9999 -9999 -9999 -9999 -9999 -9999 -9999 -9999 -9999 -9999 -9999 -9999 -9999 -9999 -9999 -9999 -9999 -9999 -9999 -9999 -9999 275 276 274 279 282 284 283 282 278 273 276 257 229 250 281 278 198 117 176 237 273 276 280 282 283 -9999 281 277 271 262 221 220 243 251 256 253 239 226 222 230 213 225 256 233 222 220 220 236 240 241 225 212 217 229 251 246 263 273
-9999 -9999 -9999 -9999 -9999 -9999 -9999 -9999 -9999 -9999 -9999 -9999 -9999 -9999 -9999 -9999 -9999 -9999 -9999 -9999 -9999 -9999 -9999 -9999 -9999 -9999 -9999 -9999 -9999 -9999 -9999 -9999 -9999 -9999 -9999 -9999 275 277 278 279 274 281 282 278 275 273 278 272 273 284 285 275 186 124 205 267 276 278 281 282 -9999 -9999 -9999 278 275 266 240 235 249 255 251 244 240 232 233 244 247 247 236 213 226 230 242 242 240 241 230 221 217 228 242 231 237 247
-9999 -9999 -9999 -9999 -9999 -9999 -9999 -9999 -9999 -9999 -9999 -9999 -9999 -9999 -9999 -9999 -9999 -9999 -9999 -9999 -9999 -9999 -9999 -9999 -9999 -9999 -9999 -9999 -9999 -9999 -9999 -9999 -9999 -9999 -9999 -9999 -9999 275 277 273 264 278 278 275 273 272 277 280 282 284 284 276 196 166 252 275 277 280 281 -9999 -9999 -9999 -9999 278 277 268 235 217 230 245 225 209 239 227 206 226 255 252 232 220 235 243 242 233 227 222 235 245 240 233 235 233 234 242
-9999 -9999 -9999 -9999 -9999 -9999 -9999 -9999 -9999 -9999 -9999 -9999 -9999 -9999 -9999 -9999 -9999 -9999 -9999 -9999 -9999 -9999 -9999 -9999 -9999 -9999 -9999 -9999 -9999 -9999 -9999 -9999 -9999 -9999 -9999 275 276 275 274 261 267 276 279 276 275 275 275 279 281 282 281 271 200 228 274 278 279 282 283 -9999 -9999 -9999 -9999 -9999 279 280 263 255 255 220 173 193 223 193 214 241 257 256 249 252 254 256 260 254 249 255 256 257 252 252 252 254 259 260
-9999 -9999 -9999 -9999 -9999 -9999 -9999 -9999 -9999 -9999 -9999 -9999 263 260 262 264 264 267 -9999 -9999 -9999 -9999 -9999 -9999 -9999 -9999 -9999 -9999 -9999 -9999 -9999 -9999 -9999 -9999 -9999 -9999 -9999 276 271 260 268 276 279 277 276 276 276 278 281 280 278 254 206 261 279 280 282 283 284 284 -9999 -9999 -9999 -9999 280 281 280 270 246 187 154 195 204 208 230 263 269 269 268 266 267 266 267 265 263 264 263 264 261 262 260 261 263 263
-9999 -9999 -9999 -9999 -9999 -9999 -9999 -9999 -9999 -9999 -9999 266 257 244 247 248 261 258 251 259 260 268 -9999 -9999 -9999 -9999 -9999 -9999 -9999 -9999 -9999 -9999 -9999 273 274 275 274 275 272 268 270 276 278 277 276 277 277 279 281 281 273 188 224 264 280 282 284 285 285 285 285 -9999 -9999 -9999 280 280 267 258 215 160 183 217 224 235 259 269 271 272 272 270 270 269 270 270 270 270 271 271 271 269 265 265 265 266
-9999 -9999 -9999 -9999 -9999 -9999 -9999 -9999 -9999 266 265 266 261 259 241 246 255 256 255 254 252 255 259 268 -9999 -9999 -9999 -9999 -9999 -9999 -9999 -9999 -9999 273 272 275 275 274 269 271 273 276 278 277 276 278 280 280 282 281 235 211 255 273 279 283 285 286 286 287 286 -9999 -9999 277 277 268 209 206 158 173 213 248 261 269 272 273 274 274 273 272 272 271 271 271 271 271 272 273 271 271 269 266 265 267
258 261 -9999 -9999 -9999 -9999 266 263 263 265 266 266 264 263 262 266 265 259 259 262 262 257 250 259 267 -9999 -9999 -9999 -9999 -9999 -9999 -9999 -9999 271 270 274 276 275 273 274 276 278 279 279 279 281 283 283 283 269 218 236 255 273 282 285 286 287 287 288 287 282 279 276 253 175 139 130 134 208 241 264 273 275 276 276 276 275 274 274 272 272 272 272 272 272 273 272 272 272 269 267 266 267
257 260 -9999 -9999 268 267 264 264 265 264 263 264 267 267 270 -9999 266 264 255 246 252 261 261 255 259 265 -9999 -9999 -9999 -9999 -9999 -9999 268 269 268 274 277 277 274 276 278 279 280 281 282 282 283 284 284 263 207 240 243 278 282 284 285 287 288 289 287 282 276 229 151 78 96 143 201 247 265 270 275 277 277 277 276 276 275 274 274 273 272 273 273 273 274 275 274 272 269 267 267 267
237 240 245 254 252 255 254 257 260 262 251 259 269 271 -9999 -9999 269 266 263 261 249 258 263 262 252 255 263 -9999 -9999 -9999 -9999 265 265 266 269 274 276 272 273 276 278 279 279 280 282 282 275 284 284 272 207 216 234 276 282 283 283 285 287 287 285 266 203 103 83 73 97 202 254 263 270 274 277 278 278 277 276 276 275 275 274 274 274 273 274 274 275 275 272 270 269 267 267 268
203 196 213 228 229 217 220 251 264 261 245 268 271 270 -9999 -9999 269 -9999 -9999 265 263 260 263 264 261 244 251 260 -9999 264 264 262 264 264 270 273 272 270 274 277 278 278 278 278 280 279 276 284 284 261 213 229 248 254 277 280 282 283 283 283 276 246 164 157 114 88 193 256 267 269 272 275 277 278 278 278 277 276 276 275 275 275 274 274 274 274 274 275 274 272 270 267 267 270
231 236 243 238 244 243 253 266 271 271 268 270 -9999 -9999 -9999 -9999 268 266 268 -9999 263 265 263 262 265 255 230 256 257 -9999 263 261 260 264 269 273 273 273 275 278 279 279 278 278 274 262 263 281 285 253 199 204 224 240 269 277 280 279 274 249 232 205 180 145 118 174 247 274 275 274 274 275 277 279 279 278 277 277 276 276 275 275 275 275 275 274 274 274 274 273 272 271 270 271
259 253 254 255 260 264 267 270 272 273 -9999 -9999 -9999 -9999 -9999 -9999 267 267 -9999 -9999 -9999 263 261 266 266 263 231 227 260 263 261 257 259 263 271 272 273 274 276 278 279 280 280 277 260 230 237 277 285 275 220 196 196 218 255 275 278 272 236 148 155 147 144 152 173 231 272 277 277 276 276 277 278 279 280 278 277 277 276 275 275 275 275 275 274 274 273 273 273 274 274 273 273 274
264 257 257 260 264 266 269 272 274 -9999 -9999 -9999 -9999 -9999 -9999 -9999 -9999 -9999 -9999 -9999 259 262 257 266 265 264 240 217 260 265 264 257 254 262 263 263 270 274 276 277 279 282 282 275 260 208 239 280 285 282 244 190 171 185 230 267 259 228 175 121 171 158 183 205 230 263 275 277 277 277 277 277 278 278 278 277 277 276 276 276 275 275 275 274 274 274 273 273 273 274 274 275 275 274
263 261 253 264 266 261 265 271 272 273 -9999 -9999 -9999 -9999 -9999 -9999 -9999 -9999 -9999 -9999 246 253 257 262 241 257 259 243 262 266 267 256 245 260 241 256 271 275 276 279 281 284 283 263 250 218 251 284 285 284 263 166 147 159 217 265 234 188 150 149 198 204 223 252 261 272 275 276 276 277 277 277 277 277 276 276 276 276 275 275 275 275 275 275 274 273 273 273 273 274 275 275 276 276
264 259 255 263 265 254 246 265 264 270 271 -9999 -9999 -9999 -9999 -9999 -9999 -9999 -9999 -9999 -9999 235 237 248 227 244 256 264 267 267 268 261 243 259 257 263 268 265 276 279 282 286 286 263 229 231 263 284 285 284 279 209 144 139 216 222 217 210 203 217 236 249 258 265 269 272 273 274 275 276 276 276 276 276 275 275 275 275 275 275 276 275 275 275 275 274 274 274 274 275 276 276 277 277
256 -9999 265 262 263 254 236 255 249 261 267 269 -9999 -9999 -9999 -9999 -9999 -9999 -9999 -9999 -9999 252 245 229 246 231 255 267 268 269 270 259 229 251 261 250 233 247 269 273 273 286 286 257 231 232 270 284 284 283 280 243 162 125 174 175 168 207 242 254 261 263 264 267 268 270 272 273 274 275 275 275 275 275 274 274 274 275 275 275 275 276 276 276 276 275 275 275 275 275 276 277 277 278
255 259 -9999 261 -9999 264 245 251 267 264 266 -9999 -9999 -9999 -9999 -9999 -9999 -9999 -9999 -9999 -9999 -9999 252 240 248 246 261 267 269 270 272 271 228 228 240 218 205 219 241 254 260 276 280 258 244 231 262 284 283 281 279 252 180 105 125 138 125 152 223 257 260 262 263 265 267 268 270 271 273 273 274 274 274 274 274 274 274 274 275 276 276 276 276 276 277 277 277 276 276 276 276 277 273 275
256 258 -9999 -9999 -9999 257 235 247 265 -9999 -9999 -9999 -9999 -9999 -9999 -9999 -9999 -9999 -9999 -9999 -9999 -9999 -9999 245 254 246 252 267 271 272 273 272 252 189 199 172 188 207 233 232 235 265 268 258 253 252 274 284 281 279 274 248 200 101 94 130 168 167 227 252 257 259 261 263 266 268 269 270 272 272 273 273 273 273 273 273 274 274 275 276 276 277 277 278 278 278 278 278 277 277 276 276 275 273
-9999 -9999 -9999 -9999 -9999 -9999 -9999 -9999 -9999 -9999 -9999 -9999 -9999 -9999 -9999 -9999 -9999 -9999 -9999 -9999 -9999 -9999 -9999 264 262 255 258 266 271 274 273 260 248 195 166 151 220 207 197 214 218 244 251 257 260 272 284 285 283 278 265 232 210 94 80 115 153 207 240 252 255 257 259 262 264 267 269 270 271 271 272 272 272 273 273 273 274 275 276 276 277 277 278 278 279 279 279 278 277 276 275 275 260 265
-9999 -9999 -9999 -9999 -9999 -9999 -9999 -9999 -9999 -9999 -9999 -9999 -9999 -9999 -9999 -9999 -9999 -9999 -9999 -9999 -9999 -9999 -9999 -9999 261 253 252 260 272 276 275 250 237 213 204 183 194 145 165 205 207 218 239 254 270 280 282 284 283 275 237 215 217 155 77 91 143 194 234 248 254 256 259 261 264 266 268 269 270 271 272 272 272 273 273 274 274 275 276 277 277 278 279 279 279 280 280 279 278 271 275 271 245 254
-9999 -9999 -9999 -9999 -9999 -9999 -9999 -9999 -9999 -9999 -9999 -9999 -9999 -9999 -9999 -9999 -9999 -9999 -9999 -9999 -9999 -9999 -9999 -9999 -9999 256 252 255 270 276 275 240 233 190 198 203 160 137 150 198 217 216 234 255 274 280 281 281 279 266 185 219 215 197 135 77 88 122 173 227 253 257 259 262 264 266 268 269 270 271 271 272 272 273 273 273 275 275 276 277 278 278 279 280 280 280 280 279 278 276 273 264 240 230
-9999 -9999 -9999 -9999 -9999 -9999 -9999 -9999 -9999 -9999 -9999 -9999 -9999 -9999 -9999 -9999 -9999 -9999 -9999 -9999 -9999 -9999 -9999 -9999 -9999 265 258 257 266 272 272 252 247 183 146 202 210 153 165 204 214 223 234 258 276 279 279 277 272 240 160 224 192 195 194 128 53 65 92 195 251 258 260 262 264 266 268 269 270 271 271 272 272 273 273 274 274 276 277 278 279 279 280 281 281 281 281 280 278 273 269 264 243 236
-9999 -9999 -9999 -9999 -9999 -9999 -9999 -9999 -9999 -9999 -9999 -9999 -9999 -9999 -9999 -9999 -9999 -9999 -9999 -9999 -9999 -9999 -9999 -9999 -9999 -9999 259 248 260 267 271 254 246 203 139 203 229 163 187 186 204 228 243 264 277 277 277 273 251 230 177 207 189 157 160 157 81 35 123 220 254 260 262 263 265 266 268 269 270 271 271 272 272 273 273 274 275 276 277 278 279 280 281 281 281 282 282 281 277 267 252 266 252 252
-9999 -9999 -9999 -9999 -9999 -9999 -9999 -9999 -9999 -9999 -9999 -9999 -9999 -9999 -9999 -9999 -9999 -9999 -9999 -9999 -9999 -9999 -9999 -9999 -9999 -9999 255 237 255 263 269 262 245 184 172 217 202 188 167 176 197 230 255 274 277 273 274 257 234 203 204 191 187 109 116 143 72 125 206 247 258 263 263 264 266 267 268 269 270 271 271 272 272 273 274 274 276 277 278 279 280 281 281 282 282 283 283 279 277 264 254 254 257 258
-9999 -9999 -9999 -9999 -9999 -9999 -9999 -9999 -9999 -9999 -9999 -9999 -9999 -9999 -9999 -9999 -9999 -9999 -9999 -9999 -9999 -9999 -9999 -9999 -9999 -9999 260 240 250 261 267 268 250 201 157 212 212 168 165 169 208 235 263 276 276 270 260 223 166 194 196 175 143 85 112 109 108 190 232 249 262 264 265 265 266 267 268 269 270 271 271 272 273 274 274 275 276 278 279 280 281 281 282 282 283 283 282 276 275 264 248 228 249 255
-9999 -9999 -9999 -9999 -9999 -9999 -9999 -9999 -9999 -9999 -9999 -9999 -9999 -9999 -9999 -9999 -9999 -9999 -9999 -9999 -9999 -9999 -9999 -9999 -9999 -9999 262 253 252 258 266 266 252 194 171 222 227 202 162 171 231 245 269 276 274 253 244 157 173 187 166 144 93 121 104 89 155 206 238 258 264 265 265 266 267 268 268 269 270 271 272 273 273 273 274 275 277 278 280 280 281 282 282 282 282 282 281 274 268 264 248 235 223 252
