clip_bio1_10m.asc
ncols        193
nrows        158
xllcorner    -81.833333333333
yllcorner    -13.500000000000
cellsize     0.166666666667
NODATA_value -9999
[rows 84 to 125 of 158, columns 94 to 187 of 193]
261 261 262 262 263 263 264 264 265 265 265 266 266 266 266 266 267 267 267 267 268 268 269 270 271 270 270 271 270 271 270 269 270 271 272 271 272 271 271 272 268 270 270 272 272 272 270 268 271 270 270 270 272 274 274 275 275 274 274 273 273 272 270 268 264 264 263 256 254 255 259 252 253 258 263 263 264 268 271 271 266 266 269 270 271 270 270 269 269 269 268 268 268 268
260 261 261 262 262 263 264 264 264 265 265 265 266 266 266 266 267 267 267 267 267 268 268 269 270 270 271 271 270 271 270 269 271 271 271 271 273 272 273 272 267 269 271 272 270 269 268 267 270 273 273 272 270 271 271 274 274 274 273 272 272 272 270 269 268 268 267 265 259 251 258 256 264 268 269 267 268 266 269 268 270 270 271 271 271 270 270 269 269 268 268 268 268 268
260 261 261 262 262 263 263 263 264 264 264 265 265 266 266 266 266 267 267 267 268 268 268 269 269 269 270 271 271 271 271 269 271 271 271 270 272 273 273 272 271 270 269 270 270 271 270 269 270 271 272 273 272 271 270 270 270 270 270 271 271 271 268 266 267 269 269 268 267 265 268 267 266 266 268 270 269 266 269 270 271 272 271 271 271 270 269 268 268 268 268 267 267 268
259 261 261 261 261 262 263 264 264 264 265 265 266 266 266 266 266 266 267 267 268 268 269 269 269 269 270 270 271 271 271 270 271 271 271 269 269 272 272 273 272 268 266 266 268 272 271 270 269 269 270 272 273 274 274 271 271 270 270 272 271 272 268 267 267 266 268 268 267 268 269 268 268 270 271 271 271 272 272 271 271 272 271 271 270 268 268 268 268 268 267 267 267 267
258 259 260 262 262 263 263 263 264 264 265 265 266 266 266 266 266 266 267 267 267 268 268 268 269 270 270 270 271 271 270 270 270 271 270 269 267 267 268 271 271 268 269 269 269 269 272 272 271 270 271 271 271 272 274 275 274 273 273 274 273 272 271 269 268 266 268 268 267 267 269 269 270 272 272 272 271 272 271 271 270 270 269 271 269 268 267 267 268 267 267 267 267 267
258 259 260 261 262 263 263 264 264 265 265 265 266 266 266 266 266 267 267 267 267 267 268 268 269 269 269 270 269 271 272 271 270 271 269 269 269 269 268 268 271 271 270 270 270 269 269 271 272 270 271 272 273 273 274 274 275 274 275 274 272 271 270 269 268 267 266 266 266 266 266 268 270 271 270 270 270 269 268 267 268 268 269 270 269 268 267 268 268 267 267 267 267 267
257 258 260 261 262 264 264 264 264 265 265 265 266 266 266 266 266 266 266 267 267 267 268 268 268 269 269 269 269 270 271 271 272 271 270 270 269 270 271 269 270 271 272 272 272 272 272 271 272 271 270 271 273 274 273 275 276 276 275 273 269 268 269 268 267 265 264 263 264 264 264 266 267 268 266 266 266 266 264 266 267 267 268 268 269 267 267 267 268 267 267 267 267 267
257 258 259 261 263 263 264 264 265 265 266 266 266 266 266 266 266 266 266 266 267 267 267 268 268 269 269 269 270 269 272 272 272 271 271 271 270 269 270 271 269 269 268 268 269 269 271 272 272 272 272 274 275 274 276 277 277 277 274 272 268 266 264 264 263 263 262 261 260 261 262 262 264 263 263 262 262 263 263 264 265 266 267 267 269 267 267 266 266 267 266 267 266 267
256 258 260 261 263 264 265 265 266 266 266 266 266 266 266 266 266 266 266 266 267 267 267 268 268 268 269 269 269 269 271 273 273 272 272 272 270 270 270 270 270 269 268 267 267 268 268 270 272 273 274 275 276 276 277 278 278 276 272 268 267 266 265 264 263 261 261 256 254 256 258 255 259 257 258 259 259 261 261 264 263 264 264 265 267 268 266 265 266 266 266 266 267 267
257 259 260 261 263 265 265 266 266 267 266 266 267 266 266 266 266 266 266 266 267 267 267 267 268 268 269 269 270 269 270 271 273 273 273 272 272 270 271 271 270 271 269 268 268 268 268 269 271 273 274 274 275 275 276 277 276 273 270 268 267 265 265 263 259 259 260 252 254 254 254 256 255 258 256 257 258 259 260 262 261 262 262 263 266 267 264 265 266 265 266 266 266 267
259 260 260 262 263 265 266 267 268 268 267 267 267 267 266 266 266 266 266 266 266 266 267 267 268 269 269 269 270 270 270 270 271 274 273 273 273 272 271 271 270 270 270 268 267 268 269 271 272 272 273 273 273 274 274 274 274 272 269 268 267 266 265 262 258 259 259 253 255 255 255 254 252 255 255 255 256 257 258 261 261 260 261 264 266 267 264 263 265 265 265 266 266 266
260 260 261 263 263 265 266 268 269 269 268 268 267 267 267 266 266 266 266 266 266 266 266 267 267 268 268 270 270 271 271 271 271 273 274 274 274 274 274 273 272 271 270 269 268 268 270 271 271 272 272 273 273 273 273 273 272 272 270 268 268 266 264 261 257 262 258 255 255 255 255 252 252 254 255 255 255 255 257 260 258 260 259 261 262 263 264 262 263 264 265 266 265 266
261 261 262 263 264 266 267 267 269 269 269 268 268 267 267 266 266 266 266 266 266 266 266 267 267 268 268 269 269 270 271 272 273 272 274 274 274 275 274 273 272 272 271 270 269 269 270 270 270 271 272 272 272 272 272 272 271 272 269 268 268 267 265 262 260 264 257 255 255 254 256 253 253 253 253 256 256 253 256 259 257 256 257 259 260 257 260 262 262 264 265 266 265 266
261 261 262 264 265 266 268 269 269 269 269 269 268 267 266 266 266 265 265 266 266 266 266 266 267 267 268 269 270 271 272 272 272 273 273 274 274 274 273 272 271 271 271 270 270 269 270 270 270 271 272 272 271 272 272 272 271 270 270 269 267 266 264 262 263 264 257 256 255 254 255 253 253 252 252 255 257 253 255 256 253 252 254 257 255 256 257 258 259 263 263 264 265 266
262 262 263 264 266 267 268 269 268 268 268 268 268 267 266 266 265 266 265 266 266 266 266 266 267 267 268 269 270 270 271 272 272 272 272 273 273 273 272 272 272 271 270 270 269 269 269 270 270 270 270 271 271 271 271 271 270 269 269 268 266 266 264 262 265 263 257 256 256 255 256 252 251 251 249 255 257 252 250 250 249 253 254 253 252 252 253 254 256 260 261 262 265 266
262 262 263 265 266 267 269 268 268 268 267 267 267 267 266 266 265 265 265 265 265 266 266 267 267 267 268 269 270 270 270 270 271 272 272 272 272 271 272 272 271 270 271 270 269 269 269 269 269 270 270 271 271 271 270 270 269 268 269 268 266 265 264 266 267 263 257 256 255 256 257 253 251 250 254 255 253 252 251 251 251 252 251 250 249 248 248 251 252 256 258 261 264 266
263 263 264 265 266 267 268 267 267 267 266 266 266 265 265 264 264 264 264 264 264 265 265 266 267 268 268 269 269 269 269 270 270 271 271 271 271 271 271 271 270 271 270 270 270 269 269 269 270 270 270 270 270 270 270 269 268 269 268 268 266 265 266 270 267 265 259 259 258 258 256 256 251 249 253 254 252 252 252 252 251 251 247 247 246 245 247 249 253 255 256 259 263 265
263 263 264 265 266 266 268 267 267 266 266 266 265 265 265 265 265 264 264 263 263 264 265 266 267 267 268 268 268 268 269 269 270 270 271 271 271 271 271 270 270 270 270 270 270 269 269 269 270 270 269 270 269 269 270 269 268 268 267 267 270 270 271 270 268 266 262 260 257 255 249 251 247 246 252 252 253 252 251 251 250 250 248 245 244 246 247 248 252 254 253 257 261 264
262 263 264 264 265 266 266 266 266 266 266 266 265 265 264 264 264 263 263 263 263 263 265 265 267 268 267 267 268 268 269 269 269 270 270 271 270 270 270 270 270 270 269 269 269 269 269 269 269 269 268 270 269 269 270 269 268 268 270 270 272 273 270 267 267 260 257 255 254 251 247 247 248 249 252 252 253 251 250 249 250 249 248 246 245 243 246 248 252 254 254 257 260 263
262 263 264 265 265 266 265 266 266 266 265 266 265 264 264 264 264 263 263 262 263 264 264 265 267 266 266 266 267 268 268 269 269 269 270 270 270 270 270 270 270 270 270 269 269 270 269 270 269 268 269 270 269 268 269 268 268 268 270 272 271 271 266 263 260 260 254 253 251 254 252 253 254 254 253 253 252 250 249 249 250 248 247 246 244 245 245 247 252 254 254 255 260 262
263 263 264 265 265 265 265 265 266 266 266 265 264 264 264 265 263 263 263 263 263 264 264 265 266 266 266 266 267 267 268 269 269 269 269 269 270 270 270 270 270 270 269 269 268 269 268 269 267 268 269 269 269 267 267 268 268 268 269 270 268 269 265 260 257 260 256 253 254 255 256 255 255 253 253 252 251 251 248 249 250 248 247 247 245 246 248 250 252 253 253 254 258 260
263 263 264 264 264 265 265 265 265 265 265 264 264 264 264 263 263 262 262 263 263 264 265 265 265 265 266 266 267 267 267 268 268 269 269 269 269 270 269 269 269 270 269 269 268 268 268 269 267 268 268 268 268 266 265 267 269 270 270 269 264 266 265 257 258 259 259 258 257 255 254 255 255 253 253 253 251 247 247 250 249 248 248 246 245 246 248 250 252 254 254 254 258 259
263 264 264 264 264 264 264 264 265 265 265 264 264 265 264 263 263 262 263 264 264 264 265 264 264 265 266 266 266 267 267 268 268 268 268 269 269 269 269 269 269 269 268 268 267 267 268 268 267 267 267 267 268 264 265 268 268 268 269 267 266 264 262 259 259 259 258 258 257 256 253 253 254 253 253 253 251 249 250 250 249 248 248 246 246 246 248 250 253 253 255 255 257 258
263 263 264 264 264 264 264 264 264 264 264 264 264 264 263 263 263 263 263 264 264 264 264 264 264 265 265 265 266 267 267 267 268 268 268 268 268 269 269 268 269 269 268 267 267 268 268 266 267 266 265 266 268 262 264 267 268 267 268 268 267 264 262 261 260 259 257 257 256 256 255 252 253 254 253 252 252 251 250 251 249 248 247 248 247 249 250 251 253 253 253 254 255 256
263 263 263 263 263 264 264 264 264 264 264 264 264 263 263 264 263 264 264 264 263 264 264 264 264 265 265 265 266 266 266 267 268 268 268 268 268 268 269 269 269 267 268 267 267 268 267 266 266 266 265 266 267 263 267 268 267 266 267 266 267 264 262 259 259 259 257 256 256 256 255 252 253 253 253 251 251 250 251 251 250 249 248 248 247 249 251 252 253 253 254 255 255 256
262 262 263 263 264 264 264 264 264 264 264 264 264 264 264 264 264 264 264 263 263 264 263 264 264 264 265 265 266 266 266 267 267 267 268 267 268 268 268 268 268 267 267 267 268 267 266 265 265 266 264 263 264 265 268 267 266 264 265 267 267 267 261 259 257 257 257 256 255 255 255 254 253 253 252 251 249 250 250 250 250 250 249 249 248 249 250 251 253 253 254 253 255 258
263 262 263 263 263 263 263 264 264 264 264 265 265 265 265 264 265 264 264 263 264 264 264 264 264 264 264 265 265 266 267 267 267 267 267 267 268 268 268 268 267 267 266 266 267 266 265 264 264 265 264 263 266 267 267 265 267 265 262 265 265 264 262 259 259 257 255 254 254 256 255 254 251 250 251 251 251 251 251 250 250 250 249 249 247 249 251 252 253 253 254 253 255 257
262 263 263 264 263 264 264 263 263 264 265 265 265 264 265 264 264 264 263 263 263 263 264 264 264 264 264 265 266 266 266 266 267 266 267 267 267 267 267 268 267 267 266 265 266 266 264 262 264 264 264 267 267 266 266 265 265 266 264 264 263 260 261 259 256 257 255 255 255 255 254 254 253 251 249 248 250 249 250 247 250 251 247 246 245 247 249 250 252 251 249 250 253 251
262 262 262 263 263 264 264 264 265 265 265 264 264 264 264 263 264 264 263 263 264 263 263 264 264 264 265 266 266 266 266 266 266 266 266 267 267 266 266 266 266 266 266 265 265 265 264 262 263 263 265 267 266 265 266 266 264 264 264 263 261 261 261 257 255 256 255 256 255 255 254 254 253 253 250 247 249 247 249 250 250 251 250 245 243 247 248 248 247 248 249 247 248 248
262 262 262 262 263 263 263 264 264 264 264 264 264 264 263 264 264 263 263 263 263 264 263 264 264 265 265 264 265 265 265 265 266 266 266 267 266 266 265 266 266 265 267 264 265 264 263 262 263 263 265 266 266 264 262 263 263 263 263 262 257 258 258 254 255 254 254 256 255 255 254 254 254 252 251 248 248 248 250 248 248 251 250 249 247 247 250 248 246 247 247 251 252 242
262 262 262 262 263 263 263 264 264 264 264 264 263 264 263 264 264 264 263 263 263 263 264 264 265 265 264 264 264 265 265 265 265 265 266 266 266 266 264 265 265 265 266 264 264 262 265 266 265 266 267 267 266 264 261 258 261 259 260 262 260 259 260 256 253 255 255 255 255 255 254 253 254 252 249 251 250 248 249 249 248 250 251 248 247 248 250 250 249 247 247 252 254 250
261 262 263 263 264 264 264 264 264 264 264 264 264 264 263 264 264 264 263 263 264 264 265 265 264 264 264 264 264 264 265 265 265 265 265 264 265 264 264 263 264 265 266 264 263 263 264 266 267 267 266 266 266 263 259 260 261 257 258 259 258 259 259 259 258 256 256 256 256 254 254 253 254 252 249 249 251 248 249 251 250 250 251 250 250 244 246 248 249 250 249 252 251 253
262 262 262 262 262 263 264 264 264 264 264 264 263 263 263 264 263 264 263 263 264 264 265 264 264 264 264 264 264 264 264 264 264 265 265 263 264 262 263 264 263 264 266 264 263 265 265 264 263 266 264 265 266 264 259 261 261 256 256 259 260 259 258 259 258 256 256 256 255 254 254 253 253 253 248 249 249 249 250 251 250 245 248 250 250 250 250 251 251 251 250 249 250 251
261 261 262 262 262 262 263 264 264 264 264 264 263 263 263 263 263 264 264 264 264 265 265 264 264 264 264 264 264 264 264 263 264 264 265 263 264 262 261 263 261 262 265 264 263 263 264 259 260 263 263 264 266 264 259 260 260 256 257 259 259 257 257 258 257 253 254 256 256 253 253 253 253 253 252 248 248 249 249 250 247 245 245 241 244 250 251 252 252 250 250 249 247 251
261 261 262 262 262 263 263 263 264 264 263 264 263 263 263 263 263 264 264 264 264 265 264 264 264 264 263 263 263 262 263 263 263 264 263 262 262 260 260 261 260 262 265 265 263 260 264 260 259 261 261 264 266 264 260 260 259 257 258 258 258 256 256 258 258 256 256 256 255 253 251 253 253 252 252 251 249 247 249 249 245 246 249 247 248 246 248 251 251 251 249 242 240 247
261 262 261 262 262 262 263 263 264 264 263 263 263 263 263 263 263 264 264 264 264 264 264 264 263 263 263 263 262 262 263 263 263 262 262 262 261 261 261 260 259 260 264 265 264 262 261 263 263 261 260 260 264 263 261 261 259 256 257 259 256 257 258 258 257 253 256 255 254 254 251 253 253 252 252 249 247 249 250 250 248 249 249 247 248 248 250 251 251 248 246 243 242 244
261 261 261 262 262 262 263 264 264 263 263 263 263 263 263 263 263 264 264 264 264 263 263 263 263 263 262 262 261 262 262 262 262 262 261 258 259 260 260 261 259 260 264 265 264 261 263 264 265 264 260 258 261 261 261 259 258 257 258 258 257 257 256 255 258 254 254 255 254 253 252 252 252 252 252 252 248 246 248 249 248 250 246 244 245 247 250 250 251 250 250 251 249 249
260 261 261 262 262 263 263 264 263 263 262 263 263 263 263 263 263 264 264 264 263 263 263 263 262 262 262 261 261 262 262 261 262 262 260 258 258 257 259 260 258 258 262 263 263 260 262 264 264 265 263 260 258 259 259 256 257 257 256 258 256 256 256 255 257 254 253 253 255 254 252 251 251 251 250 253 250 249 247 248 249 249 245 238 238 246 250 248 249 251 249 248 247 245
261 261 261 262 263 263 263 263 263 263 262 263 263 262 263 263 263 263 264 264 263 263 262 262 262 262 261 260 260 261 260 260 261 261 259 260 260 259 257 259 257 257 260 260 262 261 262 263 263 264 264 264 262 256 256 256 256 255 257 257 256 255 255 256 257 256 253 254 255 253 253 250 250 251 251 252 252 249 248 250 250 249 246 238 240 246 247 251 249 251 245 243 244 246
261 262 262 263 262 262 263 262 263 263 262 263 262 262 262 262 263 263 264 263 262 262 262 261 261 261 261 260 259 260 260 260 260 261 260 260 261 260 257 257 256 257 256 259 261 262 262 263 263 264 263 264 264 258 254 252 255 256 258 257 256 254 255 255 256 256 255 255 254 254 253 250 250 250 250 251 251 249 247 249 250 250 249 245 248 249 242 243 248 250 250 248 247 248
261 261 262 262 262 262 262 262 262 262 262 262 262 262 262 262 262 262 263 263 261 261 261 261 261 260 260 259 259 259 259 259 258 260 260 260 259 259 257 257 257 257 258 259 258 260 261 262 261 262 263 263 263 261 255 251 253 256 255 256 256 255 254 255 256 256 254 255 254 254 253 251 248 248 250 251 251 251 250 250 250 250 248 248 244 241 240 242 250 253 252 253 253 252
261 261 261 261 262 262 262 262 262 262 262 262 262 262 262 262 262 262 262 262 261 261 260 260 260 259 259 259 257 258 259 258 257 258 259 259 260 259 257 259 259 257 255 258 256 261 260 261 261 261 263 261 262 260 253 250 249 250 249 254 255 254 254 255 256 255 254 254 254 252 251 252 247 248 251 251 251 250 251 248 251 251 248 248 243 236 241 249 253 252 250 252 252 251
