clip_bio12_10m.asc
ncols        193
nrows        158
xllcorner    -81.833333333333
yllcorner    -13.500000000000
cellsize     0.166666666667
NODATA_value -9999
[rows 38 to 75 of 158, columns 84 to 167 of 193]
2140 2156 2203 2238 2256 2279 2364 2245 2377 2386 2328 2339 2360 2399 2522 2590 2512 2478 2543 2658 2698 2652 2595 2543 2452 2323 2308 2342 2391 2419 2293 2200 2147 2118 2081 2074 2088 2114 2090 1994 1771 1558 1522 1722 1885 2019 2158 2246 2283 2274 2227 2144 2047 1833 1564 1783 2066 1636 1570 1596 1517 1436 -9999 -9999 -9999 -9999 -9999 -9999 -9999 -9999 -9999 -9999 -9999 -9999 -9999 -9999 -9999 -9999 -9999 -9999 -9999 -9999 -9999 -9999
2144 2115 2104 2253 2369 2440 2491 2497 2501 2511 2486 2481 2510 2534 2597 2723 2730 2661 2728 2891 2938 2882 2843 2854 2873 2745 2678 2650 2621 2514 2391 2343 2311 2224 2277 2356 2427 2524 2524 2098 1745 1476 1413 1480 1737 2059 2238 2317 2335 2348 2303 2267 2203 2005 1991 2244 2236 1908 1674 1489 1259 1201 1737 1838 -9999 -9999 -9999 -9999 -9999 -9999 -9999 -9999 -9999 -9999 -9999 -9999 -9999 -9999 -9999 -9999 -9999 -9999 -9999 -9999
2174 2164 2182 2332 2451 2557 2640 2710 2675 2665 2634 2609 2632 2644 2760 2861 2822 2818 2969 3064 3087 3031 2988 3011 3120 3059 2975 2946 2892 2756 2582 2531 2511 2474 2448 2408 2134 2602 2522 2102 1660 1440 1360 1363 1516 1948 2268 2351 2401 2436 2432 2381 2361 2270 2378 2422 2444 2191 1889 1602 1386 1387 1666 1814 1837 1779 -9999 -9999 -9999 -9999 -9999 -9999 -9999 -9999 -9999 -9999 1710 -9999 -9999 -9999 -9999 -9999 -9999 -9999
2218 2251 2373 2492 2587 2653 2740 2780 2813 2770 2819 2786 2709 2719 2877 2949 2958 3001 3095 3172 3187 3097 3017 3006 3053 3026 3117 3224 3195 3103 2855 2349 2444 2757 2478 2313 2134 1913 1782 1730 1593 1506 1376 1188 1486 1775 2136 2316 2412 2479 2513 2522 2532 2541 2600 2542 2561 2381 2100 1825 1649 1632 1743 1857 1835 1816 1830 1744 1583 1457 1625 2064 2012 1920 1791 1870 1980 2045 2077 2103 2135 2089 1996 -9999
2239 2262 2456 2631 2737 2800 2846 2879 2865 2887 2911 2840 2615 2792 2932 3028 3088 3142 3185 3223 3202 3119 3046 3100 3125 3247 3326 3478 3461 3287 3007 2665 2842 2850 2516 2427 2167 1934 1809 1787 1702 1579 1510 1555 1643 1810 2129 2324 2406 2498 2586 2690 2778 2740 2727 2633 2584 2456 2232 2022 1888 1839 1869 1927 1928 1921 1952 1877 1719 1642 1824 2138 2224 2221 2174 2107 2145 2226 2251 2239 2283 2230 2052 1938
2284 2273 2407 2610 2776 2841 2849 2864 2885 2824 2781 2645 2734 2868 2957 3081 3138 3212 3269 3281 3237 3167 3270 3260 3398 3592 3633 3694 3677 3574 3424 3165 3083 2906 2709 2652 2444 2110 2000 1988 1807 1682 1670 1646 1743 1835 2073 2345 2432 2527 2654 2782 2859 2871 2808 2713 2629 2501 2325 2179 2088 2000 1979 1992 2009 2035 2073 2048 1950 1893 1970 2131 2250 2294 2275 2203 2139 2204 2236 2270 2364 2451 2371 2211
2356 2390 2507 2693 2766 2844 2897 2888 2886 2760 2678 2598 2642 2694 3075 3144 3216 3318 3391 3392 3339 3312 3382 3450 3593 3728 3809 3841 3839 3790 3739 3586 2993 2831 2387 2742 2631 2362 2195 2113 1973 1756 1669 1631 1684 1776 2039 2357 2571 2741 2814 2815 2886 2873 2802 2747 2653 2525 2374 2258 2161 2101 2068 2046 2062 2120 2193 2236 2144 2072 2078 2152 2235 2284 2280 2219 2183 2209 2210 2252 2386 2528 2566 2478
2448 2507 2583 2692 2813 2980 2927 2822 2735 2688 2598 2571 2588 2647 2865 3151 3274 3458 3544 3510 3471 3450 3487 3602 3757 3843 3904 3936 3947 3893 3801 3619 3422 2569 2464 2886 2746 2526 2329 2138 1938 1849 1814 1611 1577 1819 2021 2289 2560 2848 3123 3076 3021 2859 2822 2767 2650 2525 2386 2300 2215 2162 2126 2087 2100 2182 2256 2305 2249 2193 2167 2187 2227 2262 2269 2228 2229 2234 2222 2232 2334 2496 2568 2561
2550 2617 2939 2996 3050 2995 3013 2837 2718 2649 2604 2582 2579 2607 2721 3132 3315 3520 3650 3567 3515 3508 3571 3701 3863 3954 3950 3961 3987 3884 3749 3582 3390 3178 2922 3029 2904 2561 2354 2097 1861 1781 1767 1611 1452 1872 1961 2159 2460 2690 3166 3240 2838 2991 2765 2712 2623 2481 2417 2331 2260 2199 2164 2119 2151 2220 2277 2304 2290 2260 2221 2205 2208 2214 2222 2265 2306 2274 2263 2246 2300 2442 2528 2563
2763 2791 3002 3002 3149 3199 3155 2951 2767 2699 2649 2622 2610 2627 2718 2955 3290 3426 3573 3445 3366 3477 3548 3593 3685 3879 3905 3906 3876 3769 3597 3430 3249 3125 3023 2944 2810 2564 2289 2019 1803 1723 1595 1469 1335 1650 1783 1915 2204 2481 3013 2731 2516 2633 2652 2581 2515 2445 2391 2318 2260 2230 2193 2195 2218 2249 2307 2337 2317 2291 2251 2223 2189 2183 2250 2352 2328 2322 2319 2341 2354 2439 2519 2537
2973 2979 2944 2930 3103 3247 3231 2996 2857 2748 2707 2671 2668 2696 2746 2822 3119 3325 3404 3270 3304 3363 3408 3403 3534 3691 3705 3737 3682 3578 3413 3261 3090 2960 2884 2787 2647 2446 2241 2070 1731 1600 1435 1285 1249 1257 1301 1591 1885 2268 2585 2318 2318 2364 2405 2436 2457 2422 2356 2283 2277 2256 2237 2258 2262 2304 2408 2396 2345 2316 2287 2261 2222 2188 2245 2321 2322 2349 2379 2426 2406 2478 2495 2541
3095 3093 3032 2998 3158 3267 3153 2947 2872 2815 2774 2735 2846 2992 2992 2995 2993 3188 3264 3271 3225 3216 3255 3314 3389 3426 3476 3457 3463 3371 3237 3095 2964 2821 2748 2605 2472 2322 2210 2074 1809 1587 1465 1329 1125 1062 1033 1143 1337 1723 1849 1899 2061 2172 2248 2295 2385 2324 2300 2262 2269 2257 2258 2281 2342 2411 2451 2383 2385 2367 2354 2314 2271 2267 2309 2350 2368 2406 2433 2450 2445 2454 2477 2497
3058 3074 3070 3127 3211 3130 3020 2956 2928 2884 2858 2824 2999 3157 3142 3145 3113 3132 3135 3174 3166 3162 3093 3129 3205 3181 3266 3249 3234 3158 3047 2930 2819 2651 2543 2408 2277 2146 2065 1823 1609 1343 1207 1020 957 902 951 941 1101 1432 1641 1729 1876 2002 2219 2171 2205 2225 2225 2218 2235 2246 2274 2298 2369 2423 2429 2419 2447 2446 2418 2370 2329 2291 2314 2378 2431 2484 2526 2522 2494 2473 2464 2471
2997 3021 3058 3087 3122 3073 3039 3018 2996 2976 2945 2955 2994 3084 3080 3122 3123 3132 3117 3052 3019 3008 2968 3000 3018 3050 3065 3042 3005 2940 2851 2758 2654 2529 2390 2248 2124 2004 1797 1601 1413 1265 1150 978 896 895 914 966 1062 1357 1585 1762 1827 1878 2033 2051 2104 2139 2168 2176 2200 2223 2250 2326 2376 2458 2451 2449 2486 2568 2569 2449 2387 2299 2261 2380 2493 2581 2622 2559 2490 2457 2438 2435
2941 2970 3041 3122 3158 3126 3107 3092 3101 3074 3049 3104 3050 3042 3057 3068 3088 3064 3061 2972 2911 2884 2879 2843 2844 2881 2883 2839 2793 2728 2693 2632 2524 2436 2319 2235 2006 1800 1635 1504 1377 1266 1160 1057 991 969 977 1038 1131 1238 1433 1587 1639 1770 1863 1934 2008 2061 2094 2131 2157 2184 2220 2291 2363 2425 2432 2468 2523 2663 2614 2529 2445 2343 2328 2430 2540 2646 2661 2559 2485 2463 2433 2402
2915 2970 3071 3175 3223 3203 3194 3179 3187 3260 3287 3232 3152 3062 3071 3005 2985 2964 2978 2914 2825 2764 2753 2736 2685 2688 2672 2658 2573 2582 2504 2405 2323 2295 2167 2045 1907 1729 1591 1484 1385 1299 1223 1162 1122 1102 1110 1139 1174 1233 1322 1423 1563 1683 1767 1856 1917 1978 2031 2061 2102 2145 2201 2256 2389 2352 2422 2499 2570 2704 2717 2608 2509 2424 2419 2493 2561 2625 2634 2559 2491 2455 2408 2391
2935 3014 3142 3240 3265 3257 3268 3259 3274 3321 3448 3301 3167 3130 3091 2904 2894 2873 2851 2772 2815 2707 2614 2566 2541 2463 2409 2372 2530 2575 2472 2264 2193 2157 2064 1953 1942 1733 1572 1485 1405 1341 1300 1278 1268 1255 1252 1267 1282 1282 1268 1349 1492 1601 1695 1789 1848 1917 1966 2005 2051 2110 2172 2213 2263 2338 2420 2553 2604 2685 2723 2630 2509 2476 2476 2503 2545 2571 2571 2529 2478 2414 2393 2388
2966 3045 3235 3301 3285 3282 3290 3314 3383 3398 3435 3307 3227 3109 3049 2793 2695 2817 2740 2723 2712 2542 2495 2428 2405 2380 2273 2175 2180 2331 2318 2183 2095 2054 2014 1909 1801 1687 1587 1506 1437 1387 1370 1395 1423 1404 1394 1409 1432 1403 1334 1361 1466 1557 1646 1729 1801 1852 1911 1968 2000 2044 2092 2136 2188 2260 2296 2400 2483 2589 2562 2521 2492 2477 2480 2487 2500 2514 2521 2496 2471 2437 2438 2444
3017 3068 3216 3265 3259 3272 3302 3348 3407 3438 3482 3355 3271 3142 2832 2674 2598 2684 2693 2701 2577 2423 2419 2354 2278 2258 2205 2102 2052 2076 2099 2075 2092 2008 1947 1883 1798 1707 1622 1543 1480 1429 1421 1462 1528 1504 1491 1518 1577 1558 1474 1460 1513 1541 1613 1683 1755 1810 1871 1934 1976 2009 2047 2074 2113 2156 2182 2230 2311 2349 2405 2419 2403 2423 2438 2439 2442 2457 2463 2471 2462 2470 2466 2439
3093 3093 3108 3129 3175 3235 3306 3369 3441 3523 3484 3349 3206 2981 2730 2623 2541 2601 2635 2551 2372 2454 2496 2273 2195 2151 2116 2060 1999 1991 1993 1987 1981 1962 1928 1872 1812 1736 1666 1604 1551 1495 1458 1452 1505 1530 1535 1534 1575 1632 1561 1568 1627 1567 1588 1657 1745 1806 1864 1913 1958 1980 2008 2027 2045 2065 2074 2096 2178 2218 2277 2286 2289 2317 2349 2361 2374 2405 2416 2428 2444 2458 2460 2429
3178 3126 3014 2987 3083 3196 3297 3380 3432 3459 3421 3325 3142 2869 2683 2581 2483 2496 2472 2336 2438 2487 2458 2319 2173 2101 2069 2042 2005 1950 1949 1945 1939 1924 1907 1872 1831 1771 1726 1681 1624 1558 1505 1479 1505 1537 1546 1538 1533 1563 1505 1504 1538 1538 1592 1657 1735 1791 1857 1907 1940 1961 1984 1987 1998 2004 2006 1981 1992 2045 2094 2126 2160 2197 2241 2284 2325 2362 2352 2371 2397 2418 2424 2406
3293 3229 2986 2909 3055 3190 3303 3394 3452 3449 3385 3262 3083 2868 2674 2537 2431 2359 2314 2282 2464 2499 2469 2279 2134 2081 2001 1968 1930 1908 1903 1906 1903 1897 1889 1868 1833 1807 1801 1788 1699 1617 1557 1514 1529 1560 1568 1552 1527 1486 1441 1447 1492 1531 1597 1650 1743 1790 1835 1893 1926 1942 1954 1962 1971 1965 1958 1932 1922 1966 1986 2008 2047 2088 2144 2194 2248 2266 2281 2304 2339 2357 2371 2368
3421 3364 3145 3061 3135 3235 3330 3415 3468 3450 3348 3201 3014 2819 2635 2481 2371 2305 2266 2252 2297 2374 2398 2245 2143 2091 2005 1914 1878 1872 1863 1864 1864 1855 1852 1840 1832 1826 1834 1826 1733 1646 1585 1532 1559 1598 1602 1586 1548 1497 1439 1450 1503 1553 1606 1655 1730 1786 1832 1880 1905 1927 1939 1954 1957 1952 1935 1911 1903 1895 1971 1908 1939 1991 2044 2108 2192 2177 2212 2245 2276 2300 2317 2327
3492 3452 3338 3277 3269 3304 3368 3431 3489 3452 3309 3154 2970 2782 2597 2396 2301 2269 2287 2356 2298 2268 2351 2246 2130 2071 2046 1975 1867 1868 1849 1883 1865 1840 1835 1822 1810 1812 1813 1777 1717 1647 1607 1579 1594 1619 1632 1619 1589 1539 1502 1507 1545 1581 1630 1678 1752 1788 1835 1866 1891 1920 1940 1959 1965 1962 1945 1922 1882 1846 1885 1836 1879 1901 1964 2041 2127 2168 2193 2189 2224 2251 2272 2288
3526 3500 3457 3417 3378 3372 3389 3414 3428 3377 3248 3093 2920 2739 2641 2408 2291 2268 2296 2328 2231 2166 2229 2251 2135 2080 2061 1970 1885 1852 1843 1832 1829 1826 1810 1803 1807 1799 1831 1748 1695 1637 1616 1621 1667 1684 1669 1664 1632 1599 1569 1575 1605 1629 1670 1715 1764 1801 1837 1863 1899 1929 1945 1971 1987 1987 1974 1935 1904 1835 1785 1764 1828 1858 1930 1996 2055 2140 2159 2150 2172 2204 2230 2263
3551 3534 3505 3468 3427 3399 3388 3370 3345 3286 3177 3037 2886 2740 2637 2442 2348 2321 2295 2236 2179 2125 2092 2092 2044 2019 2090 1971 1857 1835 1829 1813 1812 1805 1800 1816 1790 1771 1754 1710 1664 1635 1644 1654 1689 1725 1704 1704 1672 1650 1640 1649 1666 1688 1715 1750 1785 1822 1852 1879 1915 1942 1963 1985 2007 2008 1994 1959 1919 1857 1782 1675 1835 1912 1903 1958 2005 2061 2109 2139 2162 2180 2211 2259
3579 3557 3523 3486 3443 3398 3354 3313 3268 3203 3109 2993 2865 2744 2716 2491 2396 2395 2393 2285 2246 2183 2135 2068 2038 2008 2053 1913 1851 1832 1817 1805 1794 1794 1798 1796 1787 1768 1748 1712 1678 1671 1702 1698 1726 1746 1737 1736 1715 1707 1703 1704 1715 1732 1758 1791 1818 1851 1872 1901 1931 1954 1981 2012 2025 2022 2010 1998 1968 1938 1868 1773 1808 1896 1915 1937 1980 2026 2066 2092 2126 2171 2206 2238
3598 3568 3526 3485 3436 3378 3316 3251 3206 3142 3065 2963 2848 2775 2779 2532 2451 2501 2463 2404 2329 2259 2188 2115 2001 1901 1871 1834 1842 1810 1804 1795 1789 1789 1798 1804 1800 1773 1755 1741 1725 1722 1732 1741 1766 1765 1777 1775 1767 1765 1759 1754 1765 1783 1804 1829 1860 1884 1905 1930 1959 1981 2022 2033 2032 2036 2033 2039 2034 2006 1958 1884 1857 1880 1912 1939 1964 2002 2034 2065 2096 2137 2177 2213
3612 3563 3511 3457 3405 3343 3275 3205 3155 3104 3032 2954 2851 2871 2815 2578 2572 2554 2478 2415 2352 2290 2227 2046 1958 1904 1871 1850 1827 1807 1809 1813 1794 1797 1842 1946 1988 1788 1781 1780 1778 1774 1782 1793 1800 1815 1830 1824 1811 1806 1801 1804 1842 1837 1848 1868 1920 1927 1941 1959 1987 2010 2037 2040 2046 2046 2047 2058 2063 2035 1993 1946 1914 1906 1920 1940 1963 1989 2014 2041 2075 2111 2154 2193
3616 3553 3483 3414 3354 3298 3226 3167 3125 3076 3012 3040 2924 2907 2827 2714 2646 2576 2523 2461 2406 2362 2228 2070 2006 1951 1907 1873 1846 1844 1830 1807 1797 1849 1929 1998 1861 1805 1807 1812 1814 1820 1834 1858 1868 1861 1861 1852 1835 1862 1884 1889 1890 1888 1899 1923 2005 2047 2013 2007 2018 2034 2054 2060 2069 2066 2067 2076 2075 2051 2018 1983 1957 1941 1946 1955 1968 1986 2016 2030 2063 2102 2138 2183
3602 3522 3437 3349 3275 3219 3153 3122 3101 3065 3010 3000 3000 2908 2832 2757 2709 2630 2594 2530 2425 2347 2291 2138 2077 2009 1954 1910 1869 1839 1818 1815 1801 1858 1895 1872 1843 1832 1835 1840 1846 1859 1879 1899 1914 1944 1915 1882 1858 1844 1889 1975 1978 1965 1946 1985 2028 2039 2070 2075 2065 2069 2068 2082 2088 2087 2094 2090 2088 2073 2039 2019 2000 1976 1974 1983 1982 1994 2012 2039 2086 2128 2143 2174
3556 3479 3379 3277 3178 3081 3061 3106 3110 3078 3019 3042 3011 2930 2853 2791 2737 2686 2664 2507 2375 2320 2326 2305 2280 2076 2026 1959 1903 1861 1825 1808 1809 1872 1841 1846 1855 1860 1865 1868 1874 1889 1912 1948 1977 1956 1921 1886 1866 1882 1906 1932 2028 2058 2035 2081 2091 2134 2158 2157 2130 2104 2100 2108 2116 2119 2118 2124 2114 2096 2069 2051 2031 2006 1997 2003 2003 2007 2023 2055 2075 2115 2155 2189
3492 3421 3318 3221 3144 3100 3140 3182 3162 3107 3046 3122 3024 2949 2884 2823 2757 2672 2532 2473 2429 2381 2328 2276 2266 2344 2326 2055 1950 1889 1838 1818 1832 1850 1869 1885 1893 1895 1895 1895 1894 1906 1930 1970 2003 1976 1926 1892 1891 1907 1950 1984 2023 2094 2073 2062 2093 2102 2185 2216 2173 2174 2161 2150 2141 2141 2138 2154 2139 2121 2099 2076 2058 2040 2029 2031 2027 2033 2039 2078 2084 2097 2138 2230
3401 3319 3232 3166 3160 3249 3387 3322 3234 3146 3215 3293 2986 2904 2906 2834 2677 2614 2565 2527 2494 2455 2413 2352 2288 2228 2404 2337 2022 1930 1861 1832 1865 1899 1924 1934 1941 1932 1926 1915 1905 1910 1925 1945 1964 1960 1926 1895 1879 1905 1995 2061 2090 2138 2172 2116 2130 2139 2197 2224 2212 2196 2190 2206 2176 2169 2168 2170 2177 2151 2128 2104 2085 2070 2058 2049 2050 2057 2058 2075 2107 2129 2147 2189
3310 3208 3121 3083 3121 3245 3380 3377 3273 3172 3284 3125 2921 2973 2905 2731 2660 2632 2602 2579 2559 2534 2498 2447 2376 2293 2213 2188 2062 1990 1935 1910 1936 1966 1992 2001 1995 1981 1958 1933 1910 1899 1899 1909 1921 1921 1913 1900 1901 1949 2046 2106 2117 2159 2188 2155 2147 2171 2197 2235 2229 2215 2219 2217 2213 2207 2201 2195 2209 2189 2162 2137 2117 2096 2083 2067 2076 2070 2079 2089 2111 2152 2210 2201
3238 3106 2989 2954 3011 3116 3214 3284 3219 3126 3026 2985 2936 2960 2994 2761 2670 2646 2634 2622 2621 2616 2594 2544 2468 2371 2276 2191 2117 2061 2022 2012 2030 2058 2082 2084 2067 2033 1995 1950 1907 1881 1868 1868 1882 1892 1904 1919 1946 1994 2057 2110 2133 2151 2159 2170 2175 2180 2194 2226 2248 2249 2251 2247 2261 2243 2237 2226 2217 2198 2185 2166 2147 2119 2097 2092 2108 2074 2069 2084 2100 2131 2181 2240
3203 3036 2869 2816 2897 2975 3020 3057 3071 3029 3023 2933 2933 2971 2926 2801 2665 2663 2653 2654 2669 2688 2694 2651 2554 2443 2336 2250 2179 2130 2105 2107 2129 2160 2184 2176 2144 2089 2030 1968 1910 1862 1830 1833 1856 1885 1925 1943 1977 2022 2069 2132 2157 2172 2179 2192 2198 2206 2221 2237 2252 2264 2285 2287 2285 2281 2276 2258 2247 2225 2198 2193 2166 2137 2112 2120 2109 2112 2090 2078 2095 2131 2166 2217
3201 3034 2875 2811 2853 2899 2921 2938 2955 2939 2898 2851 2802 2750 2703 2675 2646 2642 2654 2676 2697 2739 2784 2757 2621 2488 2377 2288 2224 2188 2175 2185 2219 2263 2296 2285 2226 2148 2066 1992 1917 1855 1802 1812 1853 1894 1940 1968 2007 2052 2088 2136 2172 2194 2202 2214 2226 2233 2245 2263 2275 2293 2309 2317 2323 2323 2318 2300 2287 2262 2234 2225 2188 2163 2132 2103 2102 2104 2096 2084 2091 2109 2162 2208
