clip_bio12_10m.asc
ncols        193
nrows        158
xllcorner    -81.833333333333
yllcorner    -13.500000000000
cellsize     0.166666666667
NODATA_value -9999
[rows 76 to 113 of 158, columns 0 to 83 of 193]
-9999 -9999 -9999 -9999 -9999 -9999 -9999 -9999 -9999 -9999 1004 1414 1889 2111 2536 3078 3633 2856 2272 1464 916 1020 1110 1213 1363 3056 3101 3165 3271 3468 3554 3560 3527 3410 3296 3140 3002 2875 2762 2712 2754 2855 2955 2996 2971 2928 2892 2859 2829 2806 2793 2787 2794 2805 2814 2812 2828 2842 2867 2882 2904 2925 2942 2962 2981 3036 3061 3061 3088 3123 3156 3205 3267 3330 3386 3426 3457 3478 3514 3558 3601 3615 3529 3384
-9999 -9999 -9999 -9999 -9999 -9999 -9999 -9999 -9999 738 1000 1436 1887 2229 2724 3154 3299 2892 2163 1240 843 967 1318 1382 1581 2755 3639 3287 3461 3627 3574 3482 3408 3295 3184 3062 2930 2796 2690 2646 2730 2876 3010 3049 3000 2951 2911 2878 2850 2826 2814 2811 2819 2824 2834 2850 2873 2868 2890 2910 2925 2934 2950 2961 2980 3001 3031 3041 3056 3087 3127 3181 3233 3296 3350 3399 3439 3478 3521 3561 3600 3611 3537 3406
-9999 -9999 -9999 -9999 -9999 -9999 -9999 -9999 540 698 1038 1478 1999 2462 2822 2844 2739 2511 1819 1320 1181 1232 1387 1432 2372 2936 3820 3316 3458 3542 3478 3374 3298 3210 3101 2985 2872 2760 2670 2655 2736 2869 2982 3013 2992 2951 2910 2879 2855 2834 2821 2818 2832 2840 2861 2894 2897 2898 2912 2921 2932 2943 2952 2963 2972 2985 3004 3019 3035 3050 3083 3132 3187 3273 3310 3369 3419 3466 3511 3551 3572 3566 3506 3396
-9999 -9999 -9999 -9999 -9999 -9999 -9999 -9999 509 732 999 1559 2023 2330 2679 2723 2389 2275 1701 1260 1227 1223 1336 1729 2232 3158 3777 3296 3355 3382 3342 3261 3207 3131 3042 2925 2813 2727 2670 2681 2749 2838 2917 2950 2950 2932 2905 2875 2849 2832 2822 2821 2834 2849 2877 2919 2930 2922 2928 2935 2940 2948 2958 2964 2975 2979 2991 2999 3006 3016 3035 3080 3138 3211 3289 3353 3405 3454 3493 3522 3535 3520 3471 3389
-9999 -9999 -9999 -9999 -9999 -9999 -9999 -9999 509 711 1073 1602 1984 2328 2626 2655 2216 1527 1159 1075 1104 1133 1286 1922 2965 3737 3864 3288 3269 3309 3289 3230 3152 3078 2987 2881 2777 2695 2668 2691 2750 2809 2863 2899 2905 2897 2885 2867 2848 2831 2817 2813 2821 2838 2871 2917 2934 2928 2930 2935 2942 2945 2961 2968 2977 2984 2990 2992 2996 2998 3007 3038 3113 3188 3277 3339 3398 3442 3477 3501 3507 3492 3449 3383
-9999 -9999 -9999 -9999 -9999 -9999 -9999 326 491 704 1123 1605 1922 2220 2463 2640 2243 1002 852 784 968 1079 1517 2744 4007 4193 3420 3186 3220 3249 3250 3222 3133 3067 2965 2860 2759 2666 2663 2711 2757 2790 2823 2852 2867 2868 2860 2847 2832 2821 2813 2809 2814 2834 2859 2889 2921 2925 2922 2926 2941 2948 2964 2971 2976 2988 2993 3000 3001 3001 3010 3037 3110 3187 3271 3338 3391 3436 3469 3483 3485 3471 3435 3383
-9999 -9999 -9999 -9999 -9999 173 202 296 484 849 1281 1631 1852 2102 2342 2610 2091 832 731 610 893 1059 2150 3576 4065 4025 3280 3179 3227 3252 3223 3194 3166 3042 2949 2856 2771 2712 2727 2735 2747 2772 2802 2826 2842 2845 2838 2828 2811 2800 2790 2785 2790 2807 2837 2864 2891 2905 2915 2923 2932 2946 2961 2971 2985 2992 3000 3009 3019 3026 3044 3078 3143 3207 3278 3347 3399 3437 3463 3475 3475 3459 3430 3387
-9999 -9999 -9999 -9999 -9999 232 289 379 571 1094 1557 1548 1706 1935 2176 2320 1900 799 725 579 928 1171 2564 4109 4024 3645 3423 3279 3245 3214 3195 3143 3157 3067 2967 2872 2794 2743 2742 2725 2723 2741 2780 2808 2826 2837 2832 2818 2800 2776 2765 2757 2763 2778 2806 2832 2859 2883 2901 2918 2932 2944 2959 2973 2990 3008 3019 3029 3043 3059 3088 3125 3176 3240 3299 3369 3417 3447 3462 3470 3468 3456 3433 3394
-9999 -9999 -9999 -9999 146 220 294 530 785 1240 1355 1381 1592 1848 2070 2144 1589 817 731 589 927 1259 2435 4303 4169 3753 3531 3361 3287 3277 3203 3138 3090 3029 2951 2876 2804 2743 2717 2684 2686 2710 2753 2800 2824 2835 2836 2818 2789 2756 2734 2726 2730 2747 2778 2807 2836 2862 2883 2909 2930 2947 2966 2984 3001 3016 3036 3055 3074 3095 3124 3164 3217 3275 3336 3406 3445 3464 3468 3467 3465 3454 3433 3405
-9999 -9999 -9999 -9999 -9999 -9999 373 686 1125 1307 1298 1278 1518 1886 2082 1960 1230 760 765 755 1011 1962 3458 4439 4348 3933 3617 3450 3326 3264 3210 3156 3108 3041 2961 2875 2807 2734 2674 2631 2640 2692 2741 2799 2840 2859 2857 2831 2795 2747 2709 2695 2700 2723 2754 2788 2819 2847 2871 2897 2923 2942 2967 2989 3013 3034 3049 3070 3091 3124 3156 3207 3265 3323 3382 3457 3491 3487 3471 3465 3461 3455 3443 3421
-9999 -9999 -9999 -9999 -9999 259 376 728 955 1120 1139 1186 1379 1717 2035 1896 1151 817 782 734 1035 1797 3941 4315 4011 3866 3665 3504 3383 3279 3216 3153 3094 3031 2959 2879 2801 2724 2648 2593 2616 2684 2753 2819 2873 2892 2897 2876 2821 2755 2689 2659 2676 2711 2744 2773 2807 2839 2862 2888 2916 2946 2971 3002 3030 3055 3074 3094 3117 3145 3184 3238 3303 3367 3442 3527 3559 3505 3463 3462 3463 3457 3443 3426
-9999 -9999 -9999 -9999 -9999 -9999 374 672 836 932 955 1033 1221 1538 1864 1860 1067 826 868 809 994 1873 3563 3989 3861 3648 3535 3441 3357 3285 3199 3133 3088 3035 2971 2896 2823 2760 2695 2646 2650 2718 2786 2860 2923 2959 2963 2937 2884 2794 2697 2653 2678 2713 2748 2772 2802 2832 2855 2883 2912 2945 2977 3017 3050 3075 3093 3113 3139 3171 3207 3259 3322 3399 3488 3581 3614 3499 3445 3458 3463 3454 3442 3420
-9999 -9999 -9999 -9999 -9999 -9999 283 425 752 817 847 909 1133 1403 1691 1782 1089 829 755 812 1024 2042 3221 3626 3615 3482 3405 3332 3280 3235 3167 3117 3068 3020 2961 2906 2832 2767 2721 2703 2718 2770 2854 2915 2986 3043 3063 3041 2984 2889 2782 2727 2731 2752 2772 2792 2807 2826 2851 2876 2907 2941 2983 3028 3063 3091 3111 3126 3148 3174 3207 3257 3316 3398 3484 3559 3581 3528 3494 3488 3481 3462 3439 3406
-9999 -9999 -9999 -9999 -9999 -9999 222 353 667 866 884 881 1041 1258 1580 1888 1302 835 633 652 1175 2266 3025 3328 3376 3287 3213 3191 3166 3157 3128 3090 3047 3012 2955 2906 2840 2786 2756 2754 2771 2817 2893 2980 3063 3133 3182 3170 3123 3032 2929 2850 2817 2808 2810 2815 2823 2831 2846 2868 2900 2943 2987 3036 3075 3102 3115 3126 3136 3158 3188 3230 3291 3365 3446 3518 3556 3558 3545 3526 3505 3467 3432 3386
-9999 -9999 -9999 -9999 100 148 194 345 565 690 708 730 894 1208 1587 1940 1636 728 623 635 1668 2540 2822 3225 3178 3070 3007 3017 3023 3047 3054 3063 3045 3009 2949 2881 2831 2790 2765 2777 2815 2862 2940 3028 3128 3228 3296 3306 3270 3183 3071 2970 2903 2871 2849 2840 2843 2841 2845 2858 2892 2929 2980 3030 3076 3102 3106 3111 3118 3130 3153 3192 3248 3315 3395 3480 3550 3584 3590 3567 3524 3467 3411 3353
-9999 -9999 -9999 -9999 -9999 170 208 342 495 550 592 653 843 1204 1635 1727 901 708 703 954 1648 2573 2720 3033 2929 2829 2825 2867 2894 2926 2956 2979 3004 3000 2935 2852 2786 2765 2758 2777 2825 2890 2966 3064 3171 3287 3378 3392 3374 3296 3177 3057 2974 2915 2884 2864 2855 2852 2848 2864 2894 2930 2968 3013 3058 3085 3081 3077 3077 3087 3102 3130 3183 3253 3341 3445 3545 3618 3641 3604 3538 3457 3377 3308
-9999 -9999 -9999 -9999 -9999 -9999 -9999 328 380 449 557 656 835 1097 1430 1064 845 821 896 1511 2285 2547 2941 2796 2655 2670 2696 2742 2777 2805 2824 2857 2899 2924 2867 2793 2728 2712 2730 2767 2805 2890 2971 3062 3164 3272 3353 3393 3396 3325 3207 3099 3009 2950 2910 2890 2880 2867 2863 2874 2893 2929 2961 2998 3032 3049 3049 3041 3033 3026 3035 3046 3081 3148 3249 3386 3531 3651 3696 3638 3533 3420 3322 3242
-9999 -9999 -9999 -9999 -9999 -9999 -9999 -9999 361 413 519 619 834 1100 865 930 967 831 924 1303 2336 2507 3082 2700 2542 2570 2600 2641 2665 2681 2695 2705 2720 2733 2709 2677 2657 2647 2668 2720 2774 2859 2955 3049 3137 3219 3288 3326 3324 3264 3175 3087 3016 2962 2926 2906 2895 2882 2876 2878 2887 2911 2939 2963 2990 3002 3005 2997 2986 2971 2956 2951 2959 3017 3127 3291 3481 3676 3752 3639 3489 3352 3236 3154
-9999 -9999 -9999 -9999 -9999 -9999 -9999 -9999 284 389 455 704 847 1062 844 1009 875 785 922 1272 2487 2697 2873 2517 2504 2489 2526 2553 2566 2564 2555 2546 2533 2544 2537 2541 2552 2572 2597 2652 2721 2811 2908 3007 3096 3167 3212 3236 3229 3188 3112 3040 2974 2941 2925 2924 2914 2899 2884 2874 2878 2894 2916 2943 2961 2972 2973 2962 2945 2920 2891 2864 2843 2855 2972 3142 3351 3579 3686 3539 3384 3245 3125 3037
-9999 -9999 -9999 -9999 -9999 -9999 -9999 -9999 281 328 403 663 908 873 928 945 775 751 953 1682 2572 2658 2582 2452 2443 2437 2465 2481 2477 2455 2418 2386 2356 2354 2373 2398 2426 2474 2520 2575 2654 2748 2850 2951 3035 3099 3137 3154 3141 3104 3046 2974 2914 2891 2913 2934 2932 2909 2883 2860 2861 2880 2901 2921 2936 2946 2942 2929 2906 2873 2831 2790 2757 2756 2840 2972 3138 3301 3375 3325 3223 3111 3004 2921
-9999 -9999 -9999 -9999 -9999 -9999 -9999 -9999 204 305 414 558 869 883 731 656 769 855 1176 2234 2611 2814 3138 2452 2420 2402 2422 2429 2408 2370 2314 2254 2206 2202 2230 2275 2322 2367 2427 2490 2574 2689 2799 2894 2974 3027 3060 3069 3061 3033 2979 2912 2847 2813 2906 2970 2949 2918 2892 2860 2851 2866 2885 2900 2916 2921 2919 2903 2873 2834 2791 2743 2694 2668 2694 2783 2909 3017 3080 3090 3051 2988 2916 2866
-9999 -9999 -9999 -9999 -9999 -9999 -9999 -9999 208 287 416 620 1010 948 776 716 662 956 1523 2267 2530 3008 2948 2412 2427 2388 2403 2394 2365 2311 2246 2171 2113 2103 2135 2181 2230 2276 2332 2398 2494 2614 2743 2842 2920 2959 2987 2990 2982 2968 2930 2875 2810 2786 2885 2963 2951 2910 2889 2879 2858 2852 2861 2873 2882 2897 2900 2886 2857 2818 2772 2710 2641 2584 2552 2607 2708 2789 2853 2902 2907 2882 2848 2823
-9999 -9999 -9999 -9999 -9999 -9999 -9999 163 203 348 583 878 1286 1086 862 728 846 1601 1971 2164 2655 2697 2509 2411 2386 2443 2399 2382 2343 2287 2215 2140 2085 2070 2088 2121 2161 2201 2245 2309 2416 2550 2689 2809 2864 2890 2900 2908 2907 2907 2894 2867 2819 2811 2867 2910 2903 2883 2868 2853 2830 2815 2823 2839 2857 2871 2880 2867 2847 2811 2760 2699 2626 2530 2445 2490 2591 2660 2724 2776 2797 2796 2785 2777
-9999 -9999 -9999 -9999 -9999 -9999 132 227 338 620 935 1277 1433 1380 934 869 965 1848 2272 2540 2732 2545 2557 2504 2409 2559 2417 2384 2341 2282 2213 2149 2096 2072 2072 2092 2119 2149 2183 2230 2348 2488 2634 2761 2803 2810 2812 2816 2823 2839 2855 2845 2818 2812 2833 2853 2849 2840 2824 2809 2790 2772 2766 2777 2807 2837 2844 2835 2817 2795 2771 2719 2638 2544 2471 2485 2547 2600 2657 2695 2718 2729 2730 2728
-9999 -9999 -9999 -9999 -9999 127 211 370 669 975 1306 1501 1357 1151 940 999 1265 1800 2254 2655 2659 2569 2783 2641 2447 2553 2449 2402 2353 2295 2230 2169 2119 2088 2079 2083 2099 2122 2156 2211 2311 2432 2554 2651 2697 2716 2719 2720 2728 2752 2784 2785 2776 2771 2783 2789 2787 2784 2771 2752 2733 2720 2705 2703 2720 2754 2787 2789 2781 2774 2783 2762 2677 2579 2516 2512 2547 2579 2623 2651 2669 2677 2680 2685
-9999 -9999 -9999 -9999 85 139 297 567 751 928 1325 1351 1254 1003 859 1016 1163 1744 2115 2502 2643 2765 2754 2610 2501 2615 2492 2429 2372 2315 2252 2192 2144 2108 2087 2082 2089 2110 2148 2200 2285 2382 2478 2554 2593 2610 2622 2627 2635 2655 2684 2703 2712 2721 2726 2732 2730 2724 2711 2695 2678 2657 2635 2625 2623 2650 2690 2719 2737 2749 2782 2837 2704 2595 2550 2545 2556 2584 2610 2630 2639 2644 2644 2642
-9999 -9999 -9999 55 82 140 397 482 571 657 826 1117 1140 1044 1102 963 1121 1496 2092 2416 2543 2658 2758 2608 2559 2647 2512 2446 2391 2334 2276 2218 2167 2124 2095 2083 2085 2103 2137 2188 2259 2340 2420 2481 2514 2521 2525 2534 2541 2559 2600 2635 2660 2666 2671 2675 2676 2667 2654 2638 2618 2594 2566 2533 2496 2490 2557 2630 2681 2718 2759 2761 2647 2589 2577 2576 2586 2604 2615 2623 2627 2626 2623 2613
-9999 -9999 -9999 45 63 126 252 273 337 384 543 685 1020 1025 974 1096 1247 1510 2014 2346 2526 2625 2706 2649 2600 2625 2520 2459 2402 2351 2292 2238 2186 2137 2102 2079 2074 2087 2119 2171 2234 2302 2373 2433 2462 2441 2438 2467 2482 2490 2551 2600 2617 2621 2623 2622 2622 2617 2604 2587 2564 2538 2502 2463 2415 2393 2477 2566 2630 2684 2734 2708 2639 2614 2609 2615 2619 2632 2632 2631 2626 2620 2609 2596
-9999 -9999 -9999 31 57 127 127 167 206 268 437 712 1001 1034 1048 1102 1281 1448 1703 2246 2491 2671 2730 2674 2644 2595 2503 2449 2400 2355 2309 2257 2196 2141 2099 2069 2058 2066 2099 2146 2207 2273 2342 2400 2444 2386 2386 2442 2482 2518 2585 2595 2585 2577 2578 2577 2577 2570 2559 2544 2524 2498 2467 2439 2411 2409 2454 2524 2593 2646 2693 2695 2665 2650 2648 2654 2664 2661 2658 2648 2635 2615 2600 2592
-9999 -9999 -9999 24 42 67 87 117 166 218 469 821 878 1007 917 1124 1314 1374 1673 2126 2374 2736 2747 2686 2591 2542 2472 2417 2377 2346 2317 2263 2198 2142 2091 2051 2033 2040 2073 2123 2183 2247 2308 2363 2401 2390 2412 2478 2540 2597 2618 2586 2544 2531 2531 2538 2537 2532 2522 2512 2495 2473 2450 2430 2418 2423 2457 2515 2566 2614 2653 2676 2677 2678 2690 2699 2708 2704 2691 2670 2642 2622 2599 2586
-9999 -9999 -9999 26 34 50 64 84 137 201 472 786 823 863 951 1047 1284 1332 1601 1991 2325 2613 2676 2605 2431 2461 2404 2361 2331 2307 2286 2244 2185 2128 2079 2033 2000 2004 2044 2101 2163 2222 2279 2328 2366 2393 2447 2527 2600 2642 2613 2546 2486 2466 2485 2505 2503 2500 2494 2487 2473 2455 2445 2432 2425 2436 2465 2507 2546 2595 2632 2662 2681 2703 2726 2746 2757 2750 2724 2691 2662 2625 2597 2577
-9999 -9999 -9999 21 29 38 49 70 122 173 264 584 775 818 881 1018 1134 1306 1430 1632 2231 2360 2294 2301 2063 2219 2271 2275 2259 2245 2231 2202 2163 2120 2074 2018 1962 1967 2022 2087 2151 2210 2260 2301 2335 2376 2443 2532 2612 2636 2580 2497 2415 2409 2478 2473 2474 2471 2472 2467 2457 2449 2442 2434 2438 2448 2470 2498 2540 2578 2616 2651 2684 2720 2753 2783 2803 2797 2763 2720 2671 2623 2590 2561
-9999 -9999 -9999 21 28 34 37 56 107 151 201 288 457 739 877 953 1040 1189 1337 1420 1956 2037 1890 1861 1840 1960 1993 2074 2152 2172 2168 2160 2140 2115 2084 2041 1973 1970 2030 2093 2154 2208 2250 2279 2304 2336 2394 2474 2540 2554 2516 2448 2383 2367 2399 2429 2441 2448 2454 2453 2449 2446 2441 2439 2442 2454 2472 2502 2536 2565 2605 2642 2681 2722 2762 2813 2858 2851 2795 2732 2671 2617 2576 2542
-9999 -9999 -9999 -9999 24 28 32 47 84 129 157 251 364 654 816 985 919 1041 1203 1280 1415 1365 1424 1407 1478 1583 1686 1874 1905 1973 2097 2110 2111 2113 2106 2101 2059 2040 2069 2119 2173 2218 2254 2267 2277 2291 2335 2403 2455 2475 2454 2414 2369 2355 2368 2394 2418 2433 2440 2445 2444 2445 2444 2444 2448 2459 2480 2500 2523 2554 2591 2628 2666 2705 2754 2814 2875 2869 2797 2724 2656 2601 2552 2517
-9999 -9999 -9999 -9999 -9999 30 30 41 66 100 133 211 356 607 800 988 956 1000 951 1151 1124 1194 1191 1201 1268 1371 1461 1561 1670 1734 1904 2060 2082 2100 2111 2121 2102 2091 2113 2152 2202 2245 2266 2267 2257 2258 2294 2349 2396 2415 2413 2391 2371 2364 2371 2392 2412 2427 2435 2441 2444 2445 2445 2444 2452 2460 2475 2491 2512 2545 2573 2607 2638 2677 2721 2765 2806 2806 2755 2697 2630 2576 2521 2484
-9999 -9999 -9999 -9999 20 24 28 38 53 76 101 141 259 683 661 900 830 964 778 852 893 940 1097 1040 1123 1228 1434 1539 1596 1590 1710 1992 2055 2084 2097 2097 2093 2104 2136 2183 2237 2283 2294 2277 2244 2229 2265 2312 2351 2377 2385 2379 2373 2372 2379 2394 2409 2423 2435 2441 2447 2451 2447 2451 2453 2461 2470 2485 2501 2528 2551 2577 2603 2633 2660 2695 2721 2719 2695 2651 2601 2547 2492 2440
-9999 -9999 -9999 -9999 28 23 27 33 44 58 80 123 180 409 720 632 763 738 660 808 918 768 897 976 1128 1160 1204 1478 1505 1478 1520 1775 2034 2085 2104 2077 2069 2097 2141 2198 2265 2328 2328 2290 2248 2231 2260 2299 2330 2358 2369 2375 2377 2380 2388 2399 2413 2427 2438 2446 2451 2450 2454 2453 2454 2458 2467 2474 2490 2510 2529 2544 2558 2576 2595 2618 2634 2638 2632 2609 2571 2527 2475 2418
-9999 -9999 -9999 -9999 25 23 22 28 36 47 64 93 163 330 807 837 600 681 792 616 729 934 959 895 1056 1359 1219 1279 1422 1387 1401 1545 1987 2171 2186 2093 2047 2088 2140 2189 2260 2330 2323 2284 2254 2246 2265 2296 2326 2349 2364 2374 2381 2390 2394 2407 2419 2432 2442 2455 2457 2458 2458 2455 2451 2455 2453 2462 2477 2491 2503 2508 2515 2521 2527 2539 2549 2562 2573 2570 2553 2522 2477 2440
