clip_bio12_10m.asc
ncols        193
nrows        158
xllcorner    -81.833333333333
yllcorner    -13.500000000000
cellsize     0.166666666667
NODATA_value -9999
[rows 114 to 151 of 158, columns 84 to 167 of 193]
2461 2465 2474 2488 2505 2522 2540 2561 2580 2602 2631 2664 2706 2762 2829 2913 3005 3058 2921 2725 2558 2442 2379 2346 2337 2347 2372 2407 2441 2475 2511 2557 2611 2676 2756 2838 2877 2819 2740 2672 2619 2573 2533 2495 2455 2416 2374 2336 2312 2292 2284 2280 2277 2278 2264 2251 2219 2187 2152 2109 2039 2042 2093 2145 2192 2230 2243 2266 2272 2269 2267 2241 2187 2161 2168 2159 2162 2156 2142 2125 2105 2082 2059 2036
2486 2483 2485 2493 2502 2514 2527 2543 2558 2574 2593 2618 2651 2701 2768 2850 2946 3005 2877 2686 2512 2403 2360 2338 2333 2341 2360 2386 2419 2453 2494 2543 2602 2674 2761 2858 2909 2839 2756 2688 2630 2578 2534 2486 2438 2391 2342 2301 2278 2266 2266 2273 2280 2286 2278 2260 2232 2199 2161 2120 2079 2088 2127 2175 2217 2234 2239 2253 2245 2221 2198 2164 2138 2129 2136 2154 2164 2167 2160 2155 2135 2117 2093 2070
2505 2497 2496 2499 2501 2507 2516 2522 2531 2536 2545 2560 2579 2615 2666 2730 2792 2807 2735 2604 2458 2367 2344 2329 2326 2333 2345 2366 2396 2430 2468 2517 2574 2645 2719 2789 2819 2788 2732 2680 2626 2580 2532 2479 2421 2364 2306 2264 2235 2229 2243 2261 2282 2301 2291 2268 2245 2224 2203 2174 2166 2171 2192 2223 2255 2258 2249 2254 2234 2187 2143 2115 2122 2128 2148 2168 2186 2192 2193 2190 2173 2150 2130 2104
2515 2506 2497 2496 2497 2498 2500 2502 2500 2498 2495 2488 2488 2503 2534 2577 2618 2632 2597 2521 2434 2371 2341 2323 2319 2319 2329 2345 2367 2394 2432 2476 2526 2591 2648 2699 2726 2717 2687 2650 2611 2572 2527 2476 2410 2340 2261 2213 2191 2187 2216 2248 2279 2310 2302 2281 2267 2264 2255 2245 2252 2262 2277 2291 2304 2292 2276 2263 2228 2182 2133 2112 2127 2145 2171 2206 2224 2230 2232 2229 2211 2186 2163 2135
2519 2507 2497 2492 2489 2486 2487 2482 2472 2459 2438 2411 2386 2372 2378 2413 2456 2484 2481 2449 2408 2364 2338 2320 2310 2307 2310 2319 2333 2357 2388 2426 2471 2522 2572 2612 2637 2642 2631 2613 2589 2562 2531 2483 2416 2327 2223 2151 2132 2147 2189 2225 2256 2285 2295 2294 2280 2288 2298 2314 2339 2359 2370 2371 2363 2340 2312 2287 2248 2207 2172 2159 2164 2179 2205 2236 2262 2277 2280 2272 2253 2225 2194 2167
2519 2501 2489 2481 2475 2473 2469 2460 2447 2424 2388 2337 2281 2232 2216 2248 2308 2362 2393 2394 2379 2355 2332 2313 2299 2293 2288 2288 2299 2313 2338 2371 2408 2449 2491 2530 2558 2573 2575 2570 2563 2551 2538 2509 2448 2334 2197 2078 2075 2118 2166 2210 2239 2263 2279 2289 2295 2296 2318 2365 2418 2463 2477 2454 2423 2386 2351 2320 2278 2241 2217 2204 2205 2221 2247 2285 2308 2333 2336 2315 2293 2258 2224 2191
2510 2483 2470 2461 2457 2454 2448 2440 2424 2397 2351 2281 2183 2088 2037 2076 2184 2283 2337 2357 2356 2342 2321 2303 2286 2276 2266 2258 2258 2267 2286 2312 2342 2378 2417 2455 2488 2510 2523 2528 2534 2547 2552 2547 2508 2393 2235 2087 2081 2116 2163 2201 2225 2253 2268 2291 2297 2310 2332 2394 2478 2544 2566 2526 2476 2431 2388 2349 2314 2280 2263 2250 2253 2271 2286 2322 2358 2386 2388 2359 2326 2290 2252 2217
2476 2453 2437 2430 2429 2428 2422 2414 2402 2383 2341 2252 2115 1960 1841 1900 2109 2276 2331 2336 2332 2318 2302 2288 2270 2258 2245 2229 2218 2223 2236 2253 2274 2306 2348 2391 2431 2461 2478 2486 2506 2539 2569 2586 2569 2479 2339 2220 2158 2157 2187 2212 2230 2247 2268 2294 2306 2322 2355 2417 2498 2575 2587 2552 2504 2460 2417 2379 2350 2314 2303 2295 2295 2309 2327 2355 2386 2414 2414 2382 2348 2314 2280 2242
2429 2401 2388 2386 2395 2398 2388 2378 2373 2368 2351 2264 2091 1904 1726 1812 2086 2303 2323 2312 2301 2291 2280 2267 2256 2242 2224 2209 2190 2187 2197 2201 2213 2237 2283 2335 2385 2426 2451 2456 2481 2537 2585 2623 2640 2587 2444 2323 2252 2219 2221 2231 2241 2258 2269 2293 2311 2335 2374 2425 2485 2540 2559 2544 2510 2473 2436 2405 2374 2349 2334 2330 2333 2338 2351 2372 2399 2413 2409 2390 2363 2335 2302 2264
2369 2344 2329 2325 2333 2341 2334 2332 2336 2336 2340 2266 2100 1942 1838 1890 2058 2213 2261 2266 2264 2256 2252 2246 2241 2226 2213 2196 2177 2167 2166 2164 2161 2176 2232 2296 2354 2409 2454 2483 2510 2553 2594 2633 2670 2639 2505 2386 2312 2268 2251 2246 2255 2259 2274 2291 2314 2338 2378 2420 2469 2501 2516 2519 2501 2476 2446 2417 2391 2373 2363 2360 2357 2364 2373 2387 2403 2411 2405 2392 2370 2348 2315 2284
2303 2276 2255 2249 2253 2264 2271 2273 2276 2279 2267 2213 2111 2006 1945 1964 2048 2138 2188 2211 2217 2217 2222 2226 2228 2221 2206 2188 2170 2154 2150 2145 2138 2147 2209 2276 2340 2404 2461 2530 2559 2566 2587 2610 2615 2581 2502 2412 2342 2295 2270 2258 2256 2261 2276 2290 2309 2338 2370 2406 2440 2466 2485 2487 2484 2471 2448 2423 2407 2393 2383 2380 2380 2382 2389 2396 2409 2407 2405 2392 2375 2355 2333 2306
2237 2210 2183 2171 2178 2191 2200 2201 2203 2204 2196 2169 2119 2058 2011 2007 2046 2095 2133 2155 2167 2176 2187 2203 2220 2217 2198 2183 2160 2148 2144 2145 2149 2169 2212 2271 2332 2391 2453 2506 2533 2545 2553 2559 2551 2521 2465 2401 2348 2303 2274 2262 2262 2260 2270 2282 2303 2325 2356 2388 2412 2439 2452 2459 2464 2457 2445 2431 2423 2405 2397 2395 2394 2396 2400 2403 2408 2409 2405 2396 2383 2361 2347 2321
2179 2153 2125 2104 2116 2126 2130 2126 2125 2127 2126 2129 2126 2086 2040 2025 2037 2064 2089 2108 2120 2131 2142 2167 2199 2209 2193 2175 2159 2152 2148 2156 2166 2190 2225 2271 2323 2377 2429 2462 2484 2495 2500 2498 2485 2463 2418 2373 2330 2290 2271 2257 2253 2253 2263 2269 2290 2312 2337 2363 2385 2411 2425 2435 2441 2440 2437 2432 2430 2427 2421 2409 2408 2404 2405 2411 2410 2418 2407 2399 2390 2370 2355 2327
2130 2112 2084 2071 2070 2073 2068 2059 2046 2042 2049 2066 2089 2069 2031 2015 2020 2035 2053 2067 2080 2086 2094 2116 2161 2192 2195 2178 2155 2150 2158 2171 2190 2209 2236 2269 2310 2358 2392 2414 2429 2434 2439 2434 2421 2401 2370 2335 2302 2273 2255 2246 2239 2239 2240 2253 2270 2293 2311 2338 2362 2381 2397 2411 2416 2418 2418 2421 2422 2427 2431 2430 2425 2417 2413 2415 2415 2415 2410 2402 2395 2381 2363 2339
2092 2078 2058 2049 2044 2030 2014 1992 1968 1952 1958 1980 2000 1998 1989 1985 1991 2005 2023 2038 2050 2054 2053 2061 2135 2203 2223 2184 2146 2152 2175 2195 2208 2225 2240 2265 2295 2329 2348 2360 2368 2370 2372 2366 2355 2340 2317 2292 2268 2247 2229 2218 2219 2216 2217 2231 2244 2268 2286 2309 2333 2352 2367 2379 2382 2388 2392 2402 2408 2414 2419 2424 2430 2434 2424 2417 2419 2419 2418 2404 2402 2389 2368 2347
2068 2064 2048 2036 2025 1998 1975 1942 1905 1867 1863 1893 1913 1927 1932 1939 1954 1973 1996 2016 2033 2046 2056 2079 2163 2242 2267 2206 2161 2180 2215 2233 2236 2238 2241 2251 2269 2285 2295 2302 2302 2303 2301 2300 2287 2276 2265 2245 2228 2212 2198 2190 2189 2186 2190 2202 2217 2238 2253 2280 2302 2323 2342 2347 2349 2355 2363 2376 2385 2399 2404 2411 2422 2434 2437 2444 2435 2431 2435 2418 2412 2396 2377 2359
2046 2059 2066 2043 2016 1982 1946 1907 1869 1823 1814 1830 1844 1860 1872 1889 1912 1943 1972 2000 2026 2056 2089 2150 2202 2250 2267 2246 2243 2264 2279 2270 2261 2247 2238 2231 2233 2234 2237 2237 2236 2236 2232 2231 2223 2215 2208 2197 2184 2175 2164 2158 2156 2158 2162 2171 2183 2199 2216 2240 2265 2288 2306 2308 2311 2323 2334 2353 2368 2384 2396 2409 2418 2427 2436 2441 2442 2442 2443 2433 2418 2405 2384 2369
2029 2050 2069 2042 2001 1962 1927 1892 1857 1827 1804 1796 1792 1800 1814 1841 1876 1917 1950 1987 2022 2063 2112 2162 2211 2247 2266 2280 2326 2366 2343 2307 2278 2247 2223 2201 2189 2181 2180 2173 2170 2168 2164 2164 2158 2156 2153 2149 2142 2135 2129 2125 2122 2121 2127 2135 2143 2162 2180 2199 2223 2240 2251 2252 2261 2281 2304 2330 2352 2372 2385 2399 2408 2416 2425 2435 2439 2445 2448 2444 2423 2408 2394 2377
2009 2021 2019 2001 1971 1942 1914 1885 1859 1834 1808 1776 1743 1737 1759 1801 1841 1890 1933 1973 2019 2069 2123 2170 2215 2241 2258 2269 2315 2376 2355 2320 2285 2237 2194 2162 2146 2130 2115 2108 2105 2100 2096 2097 2097 2100 2101 2101 2101 2095 2093 2091 2090 2090 2092 2096 2104 2120 2138 2162 2181 2196 2202 2202 2205 2241 2279 2314 2344 2364 2379 2390 2399 2407 2414 2426 2434 2443 2449 2442 2423 2409 2396 2378
1986 1986 1975 1957 1943 1924 1903 1885 1870 1851 1821 1765 1698 1674 1699 1750 1807 1862 1915 1966 2014 2070 2129 2180 2221 2250 2256 2237 2223 2281 2314 2312 2273 2195 2138 2113 2090 2068 2050 2042 2037 2036 2033 2031 2037 2046 2054 2057 2060 2058 2059 2057 2055 2056 2055 2059 2066 2078 2101 2124 2146 2161 2167 2159 2166 2219 2260 2299 2335 2364 2376 2378 2383 2393 2399 2414 2427 2446 2445 2434 2421 2409 2400 2384
1964 1958 1948 1934 1918 1904 1891 1881 1877 1875 1848 1760 1654 1595 1646 1712 1774 1836 1900 1948 2003 2061 2123 2188 2236 2268 2276 2243 2207 2229 2269 2297 2244 2116 2037 2039 2022 1990 1978 1975 1977 1978 1974 1976 1987 2000 2014 2019 2024 2025 2026 2026 2027 2023 2023 2021 2026 2039 2063 2093 2120 2142 2157 2163 2182 2219 2256 2287 2318 2351 2354 2356 2367 2374 2380 2393 2406 2422 2424 2421 2412 2403 2395 2387
1952 1941 1932 1916 1903 1891 1882 1874 1867 1876 1863 1756 1633 1574 1627 1691 1745 1803 1866 1925 1986 2050 2121 2193 2258 2303 2327 2292 2227 2201 2210 2209 2124 1977 1861 1864 1888 1886 1898 1911 1926 1929 1929 1929 1949 1965 1977 1988 1994 1997 1997 1998 2000 1996 1993 1994 1992 2002 2034 2072 2105 2137 2165 2189 2217 2236 2257 2271 2286 2299 2313 2321 2330 2344 2353 2359 2372 2381 2393 2399 2396 2399 2393 2393
1938 1928 1915 1900 1887 1875 1866 1853 1849 1846 1817 1743 1658 1614 1625 1669 1719 1772 1832 1899 1962 2031 2109 2190 2269 2347 2408 2375 2223 2166 2146 2102 2003 1857 1672 1564 1693 1781 1829 1864 1886 1897 1904 1914 1929 1945 1954 1962 1968 1972 1972 1975 1975 1975 1973 1975 1979 1991 2024 2062 2099 2138 2177 2216 2250 2260 2256 2257 2256 2260 2272 2283 2298 2313 2322 2322 2328 2338 2355 2363 2378 2390 2390 2390
1928 1915 1901 1886 1873 1858 1847 1836 1826 1811 1779 1724 1669 1633 1629 1651 1695 1743 1802 1864 1928 2001 2084 2174 2262 2359 2434 2410 2258 2164 2109 2039 1945 1816 1675 1606 1661 1747 1799 1841 1869 1883 1895 1903 1917 1929 1938 1946 1948 1952 1953 1957 1955 1953 1950 1968 1989 2009 2026 2057 2094 2136 2180 2230 2272 2265 2248 2233 2227 2225 2228 2235 2254 2274 2280 2273 2274 2290 2306 2329 2352 2372 2384 2391
1909 1896 1880 1865 1851 1841 1829 1817 1802 1780 1750 1712 1669 1638 1626 1634 1666 1712 1767 1825 1892 1962 2048 2142 2233 2329 2391 2369 2275 2172 2081 2011 1940 1842 1753 1704 1715 1766 1804 1841 1866 1881 1894 1905 1914 1922 1928 1935 1936 1934 1936 1934 1933 1927 1925 1941 1996 2008 2020 2046 2084 2128 2168 2206 2235 2235 2221 2204 2191 2183 2177 2179 2186 2199 2205 2202 2214 2232 2259 2290 2319 2350 2376 2397
1890 1877 1858 1846 1832 1824 1809 1795 1778 1758 1734 1699 1664 1636 1609 1608 1635 1681 1734 1786 1846 1916 1995 2092 2185 2285 2349 2344 2271 2162 2068 2011 1962 1888 1830 1797 1784 1801 1830 1862 1878 1895 1905 1908 1917 1922 1926 1925 1927 1923 1925 1924 1908 1875 1861 1891 1939 1970 1985 2008 2061 2110 2151 2177 2193 2192 2180 2167 2152 2136 2121 2110 2107 2107 2110 2124 2146 2177 2209 2243 2290 2326 2361 2390
1867 1850 1836 1825 1813 1799 1786 1772 1758 1738 1715 1693 1663 1632 1589 1573 1606 1654 1712 1758 1815 1865 1941 2023 2123 2231 2309 2341 2252 2121 2031 1987 1950 1911 1885 1862 1841 1846 1864 1886 1902 1909 1912 1919 1921 1924 1924 1923 1920 1916 1911 1904 1883 1779 1749 1824 1867 1896 1935 1979 2029 2086 2122 2139 2148 2147 2139 2125 2108 2086 2064 2042 2028 2013 2013 2037 2078 2123 2163 2204 2255 2298 2338 2370
1837 1825 1812 1800 1788 1777 1764 1748 1730 1715 1702 1681 1666 1645 1585 1536 1599 1642 1681 1714 1753 1803 1868 1950 2046 2134 2228 2295 2178 2044 1965 1928 1921 1923 1916 1897 1886 1883 1893 1905 1917 1924 1926 1927 1929 1930 1929 1921 1917 1907 1897 1881 1841 1773 1766 1789 1817 1842 1894 1949 1999 2044 2078 2098 2104 2104 2097 2083 2058 2034 2008 1982 1959 1934 1927 1960 2019 2068 2121 2170 2221 2264 2305 2341
1810 1799 1787 1771 1757 1746 1735 1718 1700 1690 1683 1675 1668 1652 1631 1575 1610 1656 1681 1692 1703 1721 1767 1860 1949 2010 2101 2127 2050 1946 1866 1870 1890 1939 1974 1957 1929 1912 1914 1921 1928 1936 1938 1940 1938 1938 1932 1925 1917 1906 1892 1871 1842 1807 1788 1797 1811 1824 1868 1919 1964 2003 2031 2052 2067 2070 2063 2047 2021 1992 1963 1931 1908 1887 1886 1925 1979 2032 2086 2137 2182 2227 2272 2308
1782 1768 1754 1739 1725 1709 1693 1673 1658 1656 1656 1653 1647 1642 1636 1619 1641 1678 1685 1676 1665 1655 1661 1747 1848 1922 1972 1979 1935 1870 1836 1849 1891 1944 1997 1998 1950 1927 1923 1929 1938 1945 1949 1952 1949 1945 1938 1928 1916 1907 1897 1880 1862 1845 1841 1833 1832 1845 1870 1904 1936 1970 1993 2019 2036 2042 2033 2020 1999 1967 1930 1892 1867 1853 1861 1893 1949 2007 2058 2098 2143 2195 2242 2279
1756 1743 1731 1712 1689 1665 1643 1621 1609 1608 1617 1623 1620 1624 1623 1631 1653 1684 1679 1656 1640 1631 1646 1701 1773 1830 1869 1880 1862 1833 1816 1832 1872 1918 1954 1965 1944 1924 1919 1929 1943 1957 1963 1965 1959 1955 1945 1935 1923 1913 1905 1896 1891 1896 1899 1882 1866 1865 1877 1900 1926 1956 1980 2003 2021 2024 2013 1993 1971 1940 1903 1869 1841 1833 1845 1880 1928 1981 2036 2068 2113 2169 2219 2258
1738 1724 1704 1681 1657 1631 1603 1568 1557 1566 1580 1592 1596 1601 1608 1617 1636 1648 1646 1634 1621 1618 1636 1672 1719 1762 1792 1806 1806 1800 1797 1814 1845 1882 1912 1924 1922 1907 1907 1927 1948 1962 1977 1977 1973 1964 1952 1937 1927 1917 1912 1911 1919 1930 1942 1917 1892 1882 1885 1900 1929 1953 1981 2005 2022 2025 2010 1986 1954 1915 1873 1839 1818 1809 1831 1871 1913 1959 2002 2041 2093 2146 2200 2245
1724 1705 1683 1660 1638 1606 1571 1543 1531 1542 1553 1564 1570 1578 1587 1593 1606 1614 1613 1607 1605 1604 1618 1643 1680 1709 1734 1750 1760 1765 1775 1790 1812 1841 1867 1885 1889 1886 1894 1919 1944 1965 1982 1984 1977 1969 1954 1945 1932 1923 1918 1922 1932 1942 1946 1931 1911 1896 1889 1906 1933 1963 1993 2022 2036 2032 2019 1994 1955 1909 1866 1819 1788 1791 1825 1865 1903 1943 1981 2030 2077 2131 2183 2234
1719 1698 1674 1645 1618 1591 1562 1540 1529 1528 1534 1542 1548 1556 1563 1568 1576 1582 1582 1583 1585 1591 1598 1620 1648 1672 1689 1706 1718 1731 1744 1760 1778 1801 1823 1841 1854 1856 1864 1886 1912 1945 1981 1988 1978 1968 1957 1947 1935 1925 1923 1934 1942 1950 1950 1941 1926 1911 1904 1917 1945 1976 2006 2035 2049 2050 2043 2016 1978 1933 1878 1812 1766 1793 1830 1861 1895 1931 1972 2015 2059 2111 2167 2224
1718 1691 1666 1639 1612 1581 1557 1537 1527 1519 1521 1529 1533 1536 1541 1545 1548 1554 1556 1561 1562 1567 1578 1592 1613 1630 1649 1666 1681 1696 1711 1726 1744 1763 1776 1791 1801 1804 1811 1826 1855 1896 1943 1962 1963 1960 1956 1951 1943 1935 1932 1945 1953 1960 1958 1953 1944 1934 1929 1935 1958 1987 2016 2043 2062 2077 2077 2067 2033 1980 1910 1845 1809 1818 1846 1870 1899 1922 1957 1995 2036 2087 2146 2206
1722 1693 1663 1633 1607 1581 1556 1537 1523 1516 1516 1514 1513 1517 1519 1524 1527 1528 1532 1536 1540 1545 1554 1567 1584 1602 1616 1633 1647 1663 1677 1693 1708 1724 1737 1744 1748 1748 1748 1753 1777 1819 1873 1916 1939 1952 1954 1956 1954 1950 1951 1959 1967 1970 1971 1969 1964 1957 1950 1951 1969 1995 2027 2052 2071 2099 2122 2138 2118 2037 1952 1889 1862 1856 1876 1892 1901 1919 1938 1968 2010 2058 2109 2165
1726 1695 1663 1633 1604 1580 1556 1536 1523 1514 1509 1505 1503 1503 1504 1504 1505 1508 1511 1514 1522 1527 1534 1547 1559 1571 1589 1602 1619 1633 1644 1658 1671 1685 1694 1700 1702 1696 1687 1679 1685 1731 1807 1878 1920 1941 1954 1959 1966 1964 1967 1973 1980 1987 1990 1990 1987 1982 1975 1973 1985 2004 2031 2058 2074 2101 2140 2179 2162 2062 1975 1913 1893 1889 1909 1913 1904 1906 1915 1937 1970 2015 2066 2115
1736 1698 1665 1634 1605 1579 1556 1536 1523 1512 1503 1497 1497 1494 1492 1488 1489 1490 1490 1494 1501 1506 1513 1521 1533 1547 1562 1577 1591 1605 1618 1630 1642 1649 1655 1657 1665 1659 1644 1633 1601 1661 1762 1855 1904 1930 1949 1968 1975 1980 1982 1989 1996 2000 2007 2010 2009 2009 2002 1997 2004 2009 2026 2049 2065 2088 2115 2123 2094 2035 1959 1916 1893 1909 1935 1927 1897 1882 1877 1893 1928 1973 2018 2061
